3.754232883453369141e+00
3.983567714691162109e+00
4.023664474487304688e+00
4.013095855712890625e+00
3.949971437454223633e+00
3.671474218368530273e+00
4.088864803314208984e+00
4.062910556793212891e+00
4.108418941497802734e+00
4.110218524932861328e+00
4.012962341308593750e+00
4.010562419891357422e+00
3.667761564254760742e+00
3.969891071319580078e+00
4.018086910247802734e+00
4.034152507781982422e+00
3.973211765289306641e+00
3.656722784042358398e+00
4.038999557495117188e+00
4.090863227844238281e+00
4.168617725372314453e+00
4.127204895019531250e+00
4.013992786407470703e+00
4.005534648895263672e+00
3.744876384735107422e+00
3.982837200164794922e+00
4.012325286865234375e+00
4.014102935791015625e+00
3.976716518402099609e+00
3.681195497512817383e+00
4.018158912658691406e+00
4.143208503723144531e+00
4.120205402374267578e+00
4.142698287963867188e+00
4.033765316009521484e+00
4.011940479278564453e+00
3.643065929412841797e+00
3.984951972961425781e+00
4.016108512878417969e+00
4.021642684936523438e+00
3.985733985900878906e+00
3.658393144607543945e+00
4.120746135711669922e+00
4.040372371673583984e+00
4.131827831268310547e+00
4.022608280181884766e+00
4.020757198333740234e+00
4.027262210845947266e+00
