-3.300000000000000000e+01 4.453079872291709545e-04
-3.289999999999999858e+01 1.898301457003981341e-03
-3.279999999999999716e+01 6.356151734507875517e-03
-3.269999999999999574e+01 2.218851977977465053e-03
-3.259999999999999432e+01 7.755240834012511013e-03
-3.249999999999999289e+01 2.072262927158590243e-02
-3.239999999999999147e+01 9.591671903058341178e-03
-3.229999999999999005e+01 9.262289835692171652e-03
-3.219999999999998863e+01 1.284357751164861769e-02
-3.209999999999998721e+01 7.224683930462561139e-03
-3.199999999999998579e+01 9.902101631723780016e-04
-3.189999999999998437e+01 2.731809180841082707e-02
-3.179999999999998295e+01 6.193010222050361613e-02
-3.169999999999998153e+01 2.777734487826819670e-02
-3.159999999999998010e+01 1.375595315766986416e-03
-3.149999999999997868e+01 4.184252640698104988e-04
-3.139999999999997726e+01 1.496597309596836567e-03
-3.129999999999997584e+01 1.101746241056389495e-03
-3.119999999999997442e+01 6.051273867200279710e-03
-3.109999999999997300e+01 1.386758116586861433e-02
-3.099999999999997158e+01 1.125968578298852663e-02
-3.089999999999997016e+01 1.076254311046795885e-02
-3.079999999999996874e+01 4.894058165518799797e-03
-3.069999999999996732e+01 2.167749634827487084e-03
-3.059999999999996589e+01 7.916069529500191493e-03
-3.049999999999996447e+01 4.630567881031310770e-03
-3.039999999999996305e+01 1.510027001495473174e-03
-3.029999999999996163e+01 2.904233355366159014e-04
-3.019999999999996021e+01 5.701507235062308783e-03
-3.009999999999995879e+01 4.966179783514235169e-02
-2.999999999999995737e+01 4.178367357526439896e-02
-2.989999999999995595e+01 5.104986938531510393e-02
-2.979999999999995453e+01 2.221954461056157085e-02
-2.969999999999995310e+01 3.044506593141704798e-04
-2.959999999999995168e+01 2.469152299454435489e-04
-2.949999999999995026e+01 2.558139938628301133e-04
-2.939999999999994884e+01 5.231041774095501968e-04
-2.929999999999994742e+01 9.050920862136990763e-04
-2.919999999999994600e+01 7.719986148003954657e-04
-2.909999999999994458e+01 1.234766985544411043e-03
-2.899999999999994316e+01 5.665463027980877303e-04
-2.889999999999994174e+01 2.971030764456372600e-04
-2.879999999999994031e+01 3.955005906755104314e-03
-2.869999999999993889e+01 9.549902088662066274e-03
-2.859999999999993747e+01 1.310440154120442492e-02
-2.849999999999993605e+01 1.699529472389258583e-02
-2.839999999999993463e+01 2.047555041626765091e-02
-2.829999999999993321e+01 2.100808763570967061e-02
-2.819999999999993179e+01 1.150909974603564478e-02
-2.809999999999993037e+01 3.873984888195991603e-03
-2.799999999999992895e+01 5.434928510658210490e-03
-2.789999999999992752e+01 7.066861966814030546e-03
-2.779999999999992610e+01 5.124005048128310418e-03
-2.769999999999992468e+01 5.462607009030761782e-03
-2.759999999999992326e+01 9.811258701665792961e-03
-2.749999999999992184e+01 6.924404293022235271e-03
-2.739999999999992042e+01 1.987440654193051333e-03
-2.729999999999991900e+01 8.491638734994921400e-04
-2.719999999999991758e+01 6.077745561015035491e-04
-2.709999999999991616e+01 1.619810296688228791e-04
-2.699999999999991473e+01 0.000000000000000000e+00
-2.689999999999991331e+01 1.377067004796117598e-04
-2.679999999999991189e+01 3.491983021376654723e-04
-2.669999999999991047e+01 1.962065415282267938e-02
-2.659999999999990905e+01 1.761339993885485400e-01
-2.649999999999990763e+01 5.958377516828476939e-01
-2.639999999999990621e+01 9.717468541115522607e-01
-2.629999999999990479e+01 1.815982402861118228e+00
-2.619999999999990337e+01 2.823648513853549868e+00
-2.609999999999990195e+01 3.979077690839767367e+00
-2.599999999999990052e+01 5.054536619782448170e+00
-2.589999999999989910e+01 5.501084378361701610e+00
-2.579999999999989768e+01 5.126555159687995911e+00
-2.569999999999989626e+01 4.302077117562293829e+00
-2.559999999999989484e+01 3.425701503455639063e+00
-2.549999999999989342e+01 2.038124323636293589e+00
-2.539999999999989200e+01 1.172281799837946892e+00
-2.529999999999989058e+01 6.712857851758599059e-01
-2.519999999999988916e+01 2.976354656275361776e-01
-2.509999999999988773e+01 2.186331775970757063e-01
-2.499999999999988631e+01 7.792177249502856007e-02
-2.489999999999988489e+01 3.548818250092154042e-02
-2.479999999999988347e+01 1.817242897486721562e-02
-2.469999999999988205e+01 3.022255700107052620e-02
-2.459999999999988063e+01 6.381240644041100141e-02
-2.449999999999987921e+01 4.952379777569149155e-02
-2.439999999999987779e+01 5.760363924637203897e-02
-2.429999999999987637e+01 9.642639496260016485e-02
-2.419999999999987494e+01 2.389131531887869753e-01
-2.409999999999987352e+01 6.624994678422808647e-01
-2.399999999999987210e+01 1.154496036469936371e+00
-2.389999999999987068e+01 1.744317872822284787e+00
-2.379999999999986926e+01 2.396169120073318393e+00
-2.369999999999986784e+01 3.213929978013038813e+00
-2.359999999999986642e+01 3.506699225306511014e+00
-2.349999999999986500e+01 4.034014394879340770e+00
-2.339999999999986358e+01 4.228418973088264643e+00
-2.329999999999986215e+01 4.044258791208267034e+00
-2.319999999999986073e+01 3.651560705900192438e+00
-2.309999999999985931e+01 3.151892654597759247e+00
-2.299999999999985789e+01 2.561035981774330228e+00
-2.289999999999985647e+01 1.811309565603733018e+00
-2.279999999999985505e+01 1.030407223850488663e+00
-2.269999999999985363e+01 6.189206115901469962e-01
-2.259999999999985221e+01 3.266986943781375885e-01
-2.249999999999985079e+01 1.426159351191017832e-01
-2.239999999999984936e+01 6.966429405219969062e-02
-2.229999999999984794e+01 2.532037207856774330e-03
-2.219999999999984652e+01 5.885044836031738495e-03
-2.209999999999984510e+01 9.267376287971274343e-03
-2.199999999999984368e+01 9.351726520708324858e-03
-2.189999999999984226e+01 1.357681422359746648e-02
-2.179999999999984084e+01 2.802656057374406512e-02
-2.169999999999983942e+01 3.547720866249619298e-02
-2.159999999999983800e+01 7.156536225539866791e-02
-2.149999999999983658e+01 1.319800396391656305e-01
-2.139999999999983515e+01 3.763423163443803676e-01
-2.129999999999983373e+01 7.085322517901658790e-01
-2.119999999999983231e+01 1.262633052468299821e+00
-2.109999999999983089e+01 1.868711912631988437e+00
-2.099999999999982947e+01 1.935755482316017240e+00
-2.089999999999982805e+01 1.962895880639553114e+00
-2.079999999999982663e+01 1.828517392277717590e+00
-2.069999999999982521e+01 1.745459115505218595e+00
-2.059999999999982379e+01 1.791922602057457015e+00
-2.049999999999982236e+01 1.490786147117614702e+00
-2.039999999999982094e+01 1.143390806019306094e+00
-2.029999999999981952e+01 1.137312909215688617e+00
-2.019999999999981810e+01 9.813391812145709769e-01
-2.009999999999981668e+01 9.252466417849063429e-01
-1.999999999999981526e+01 8.251547124236822128e-01
-1.989999999999981384e+01 7.380574315786361250e-01
-1.979999999999981242e+01 6.992055483162402663e-01
-1.969999999999981100e+01 6.897272370755672677e-01
-1.959999999999980957e+01 7.318820277228951232e-01
-1.949999999999980815e+01 8.122902262955904451e-01
-1.939999999999980673e+01 8.711019504815340486e-01
-1.929999999999980531e+01 1.040277567505836442e+00
-1.919999999999980389e+01 1.206655410677194507e+00
-1.909999999999980247e+01 1.355948258936405137e+00
-1.899999999999980105e+01 1.721974059939384460e+00
-1.889999999999979963e+01 2.188920816779136747e+00
-1.879999999999979821e+01 2.801418663561344058e+00
-1.869999999999979678e+01 3.159465426206588656e+00
-1.859999999999979536e+01 3.409773254394531161e+00
-1.849999999999979394e+01 3.559955561161041171e+00
-1.839999999999979252e+01 3.597530689835548579e+00
-1.829999999999979110e+01 3.302555920183658511e+00
-1.819999999999978968e+01 3.094347566366195679e+00
-1.809999999999978826e+01 2.737485782802104861e+00
-1.799999999999978684e+01 3.161732146143913180e+00
-1.789999999999978542e+01 3.950843289494514465e+00
-1.779999999999978400e+01 4.807872694730758845e+00
-1.769999999999978257e+01 5.330872243642806652e+00
-1.759999999999978115e+01 5.429601830244064509e+00
-1.749999999999977973e+01 4.960490977764129283e+00
-1.739999999999977831e+01 4.403237920999527155e+00
-1.729999999999977689e+01 3.873902383446693243e+00
-1.719999999999977547e+01 3.506027694046497167e+00
-1.709999999999977405e+01 3.256949225068092257e+00
-1.699999999999977263e+01 3.150123502314090551e+00
-1.689999999999977121e+01 2.972997485101223081e+00
-1.679999999999976978e+01 2.627860246598720639e+00
-1.669999999999976836e+01 2.082724627852440058e+00
-1.659999999999976694e+01 1.617810641229152635e+00
-1.649999999999976552e+01 1.127158431708812802e+00
-1.639999999999976410e+01 1.012813498452305838e+00
-1.629999999999976268e+01 9.489870723336935043e-01
-1.619999999999976126e+01 9.237872101366519928e-01
-1.609999999999975984e+01 1.568773277103900909e+00
-1.599999999999975842e+01 2.088295224308967413e+00
-1.589999999999975699e+01 2.059589104354381472e+00
-1.579999999999975557e+01 2.077734135091304779e+00
-1.569999999999975415e+01 2.259703120589256375e+00
-1.559999999999975273e+01 2.091972991824150085e+00
-1.549999999999975131e+01 1.814447145909070969e+00
-1.539999999999974989e+01 1.511363155394792601e+00
-1.529999999999974847e+01 1.292376345396041959e+00
-1.519999999999974705e+01 1.225097875297069594e+00
-1.509999999999974563e+01 1.180762231349945068e+00
-1.499999999999974420e+01 1.476405585557222455e+00
-1.489999999999974278e+01 1.745164743810892150e+00
-1.479999999999974136e+01 1.938121433556079909e+00
-1.469999999999973994e+01 2.357303433120250702e+00
-1.459999999999973852e+01 2.644616602361202329e+00
-1.449999999999973710e+01 2.522983354330063044e+00
-1.439999999999973568e+01 2.299839839339256287e+00
-1.429999999999973426e+01 1.926238724589347751e+00
-1.419999999999973284e+01 1.417138845473527864e+00
-1.409999999999973141e+01 1.165529476851224988e+00
-1.399999999999972999e+01 1.158387175947427794e+00
-1.389999999999972857e+01 1.773911861330270678e+00
-1.379999999999972715e+01 2.544026818871498286e+00
-1.369999999999972573e+01 3.125774940848350614e+00
-1.359999999999972431e+01 3.501053893566131503e+00
-1.349999999999972289e+01 3.774445098638534724e+00
-1.339999999999972147e+01 4.131524580717086614e+00
-1.329999999999972005e+01 4.341487419605255305e+00
-1.319999999999971863e+01 4.688350307941436590e+00
-1.309999999999971720e+01 4.945777523517608465e+00
-1.299999999999971578e+01 5.058830106258392689e+00
-1.289999999999971436e+01 4.631633397936821162e+00
-1.279999999999971294e+01 4.618135637044906261e+00
-1.269999999999971152e+01 4.431133934855461476e+00
-1.259999999999971010e+01 4.448952183127403259e+00
-1.249999999999970868e+01 4.756786957383155823e+00
-1.239999999999970726e+01 5.526990830898284912e+00
-1.229999999999970584e+01 6.317122203111648737e+00
-1.219999999999970441e+01 7.233910959959030329e+00
-1.209999999999970299e+01 7.927288347482681630e+00
-1.199999999999970157e+01 8.430802977085113170e+00
-1.189999999999970015e+01 8.252069580554962869e+00
-1.179999999999969873e+01 8.075966233015060780e+00
-1.169999999999969731e+01 7.911864292621612726e+00
-1.159999999999969589e+01 7.582438558340072632e+00
-1.149999999999969447e+01 6.996511638164520264e+00
-1.139999999999969305e+01 6.352290970087051569e+00
-1.129999999999969162e+01 5.528186112642288208e+00
-1.119999999999969020e+01 4.768518701195716858e+00
-1.109999999999968878e+01 4.192318901419639587e+00
-1.099999999999968736e+01 4.123893278837203802e+00
-1.089999999999968594e+01 4.450196760892867864e+00
-1.079999999999968452e+01 5.511857563257217762e+00
-1.069999999999968310e+01 6.635060119628906072e+00
-1.059999999999968168e+01 7.698069196939468561e+00
-1.049999999999968026e+01 8.412120789289474487e+00
-1.039999999999967883e+01 9.176523667573928122e+00
-1.029999999999967741e+01 9.777827483415602927e+00
-1.019999999999967599e+01 1.031708270311355591e+01
-1.009999999999967457e+01 1.077826992273330653e+01
-9.999999999999673150e+00 1.141713281869888341e+01
-9.899999999999671729e+00 1.172490280866622925e+01
-9.799999999999670308e+00 1.232163152694702113e+01
-9.699999999999668887e+00 1.256641426086425817e+01
-9.599999999999667466e+00 1.246452534198760986e+01
-9.499999999999666045e+00 1.209639673233032298e+01
-9.399999999999664624e+00 1.136717348098754954e+01
-9.299999999999663203e+00 1.056749392747878957e+01
-9.199999999999661782e+00 9.733838218450546975e+00
-9.099999999999660361e+00 9.202412444353104348e+00
-8.999999999999658939e+00 8.872882133722304943e+00
-8.899999999999657518e+00 8.831163334846497293e+00
-8.799999999999656097e+00 8.605763524770736694e+00
-8.699999999999654676e+00 8.093811404705046897e+00
-8.599999999999653255e+00 7.621350651979446056e+00
-8.499999999999651834e+00 6.888642132282257080e+00
-8.399999999999650413e+00 5.884083682298660634e+00
-8.299999999999648992e+00 5.210494884848595021e+00
-8.199999999999647571e+00 4.824139681458473383e+00
-8.099999999999646150e+00 4.857096031308174133e+00
-7.999999999999644729e+00 5.604452395439148304e+00
-7.899999999999643308e+00 5.984981492161750793e+00
-7.799999999999641886e+00 6.065443396568298340e+00
-7.699999999999640465e+00 5.944321578741073253e+00
-7.599999999999639044e+00 5.410734152793883922e+00
-7.499999999999637623e+00 4.884113124012946727e+00
-7.399999999999636202e+00 4.244632673263549982e+00
-7.299999999999634781e+00 3.553688076138496577e+00
-7.199999999999633360e+00 2.966461901366710840e+00
-7.099999999999631939e+00 2.603017255663871765e+00
-6.999999999999630518e+00 2.079593743383884252e+00
-6.899999999999629097e+00 1.623905872553586871e+00
-6.799999999999627676e+00 1.029658329114317983e+00
-6.699999999999626255e+00 5.872403364628553391e-01
-6.599999999999624833e+00 5.208727467805147615e-01
-6.499999999999623412e+00 5.751809570007025973e-01
-6.399999999999621991e+00 8.237245809286832809e-01
-6.299999999999620570e+00 1.626155036687850997e+00
-6.199999999999619149e+00 2.981229272484779536e+00
-6.099999999999617728e+00 4.011056718230247675e+00
-5.999999999999616307e+00 5.047009971737861811e+00
-5.899999999999614886e+00 5.942019757628441035e+00
-5.799999999999613465e+00 6.411282455921172740e+00
-5.699999999999612044e+00 6.844989937543869196e+00
-5.599999999999610623e+00 7.292302179336547674e+00
-5.499999999999609201e+00 7.542048293352126898e+00
-5.399999999999607780e+00 7.122646141052245916e+00
-5.299999999999606359e+00 5.953239271044731495e+00
-5.199999999999604938e+00 4.649309149384498241e+00
-5.099999999999603517e+00 3.094914086163043976e+00
-4.999999999999602096e+00 1.854187873005866960e+00
-4.899999999999600675e+00 1.006056006997823715e+00
-4.799999999999599254e+00 6.582522234879434331e-01
-4.699999999999597833e+00 2.873179776943288743e-01
-4.599999999999596412e+00 1.017610341347449376e-01
-4.499999999999594991e+00 1.113752856224891757e-01
-4.399999999999593570e+00 1.183552033282467136e-01
-4.299999999999592148e+00 1.060681684784867684e-01
-4.199999999999590727e+00 9.114374395066988932e-02
-4.099999999999589306e+00 1.127408778629614972e-01
-3.999999999999587885e+00 1.749918029760010596e-01
-3.899999999999586464e+00 1.986621598713100012e-01
-3.799999999999585043e+00 7.615068304585292935e-02
-3.699999999999583622e+00 9.081234685800155040e-03
-3.599999999999582201e+00 8.136168367082063577e-03
-3.499999999999580780e+00 8.589993326313560135e-03
-3.399999999999579359e+00 1.560091871477880046e-02
-3.299999999999577938e+00 1.190653305857267662e-02
-3.199999999999576517e+00 2.882726261850620999e-03
-3.099999999999575095e+00 2.452685439493507147e-04
-2.999999999999573674e+00 6.337882099614944092e-04
-2.899999999999572253e+00 5.941508978139608665e-04
-2.799999999999570832e+00 3.288552016601897950e-03
-2.699999999999569411e+00 1.189091492742591107e-02
-2.599999999999567990e+00 2.101157700681142299e-02
-2.499999999999566569e+00 2.493785347305674943e-02
-2.399999999999565148e+00 1.008332507094564755e-02
-2.299999999999563727e+00 8.895228107576258481e-03
-2.199999999999562306e+00 1.440133816286106629e-02
-2.099999999999560885e+00 1.097001973346323211e-02
-1.999999999999559464e+00 5.135525235964451263e-02
-1.899999999999558042e+00 2.401872932910919245e-01
-1.799999999999556621e+00 5.057503314688801543e-01
-1.699999999999555200e+00 1.144838050380349248e+00
-1.599999999999553779e+00 2.144820441305637537e+00
-1.499999999999552358e+00 2.777544696629047571e+00
-1.399999999999550937e+00 3.233331632614135920e+00
-1.299999999999549516e+00 3.548384124040603549e+00
-1.199999999999548095e+00 4.055878973007201793e+00
-1.099999999999546674e+00 4.305379998683929621e+00
-9.999999999995452526e-01 4.632587063312530340e+00
-8.999999999995438316e-01 5.115724685788154424e+00
-7.999999999995424105e-01 5.931483530998230336e+00
-6.999999999995409894e-01 6.866868454217910589e+00
-5.999999999995395683e-01 7.512949854135513306e+00
-4.999999999995381472e-01 8.370634496212005615e+00
-3.999999999995367261e-01 9.194870781898497825e+00
-2.999999999995353051e-01 9.503868430852890015e+00
-1.999999999995338840e-01 1.028919394016265798e+01
-9.999999999953246288e-02 1.059248265027999913e+01
4.689582056016661227e-13 1.096315959692001307e+01
1.000000000004703793e-01 1.117381103038787771e+01
2.000000000004718004e-01 1.166858298778533864e+01
3.000000000004732215e-01 1.258793461322784424e+01
4.000000000004746425e-01 1.306390414237976039e+01
5.000000000004760636e-01 1.362912014722824061e+01
6.000000000004774847e-01 1.381489925384521555e+01
7.000000000004789058e-01 1.484669286012649536e+01
8.000000000004803269e-01 1.527786167860031163e+01
9.000000000004817480e-01 1.558204915523529088e+01
1.000000000000483169e+00 1.442487332820892298e+01
