-3.300000000000000000e+01 1.190150650765281204e-01
-3.289999999999999858e+01 6.355617919830905405e-02
-3.279999999999999716e+01 6.047922902120262539e-02
-3.269999999999999574e+01 4.195795875184558238e-02
-3.259999999999999432e+01 1.146909541683271555e-01
-3.249999999999999289e+01 2.609124724997673450e-01
-3.239999999999999147e+01 1.249022083339514227e-01
-3.229999999999999005e+01 1.417427838298408391e-02
-3.219999999999998863e+01 6.644456715959244121e-03
-3.209999999999998721e+01 2.239279418133193617e-02
-3.199999999999998579e+01 5.457154146984976445e-02
-3.189999999999998437e+01 2.261194883092457544e-02
-3.179999999999998295e+01 2.240907394570967794e-03
-3.169999999999998153e+01 1.571285671636132864e-02
-3.159999999999998010e+01 4.086691690027691864e-02
-3.149999999999997868e+01 2.232832739607147274e-02
-3.139999999999997726e+01 4.330661495828735247e-02
-3.129999999999997584e+01 5.131975348318974089e-02
-3.119999999999997442e+01 7.188923447082515295e-02
-3.109999999999997300e+01 1.318450677701730467e-01
-3.099999999999997158e+01 6.537943726739285644e-02
-3.089999999999997016e+01 2.755075849004242489e-02
-3.079999999999996874e+01 1.952034065629959514e-02
-3.069999999999996732e+01 3.856236001503021010e-02
-3.059999999999996589e+01 5.800531504707123753e-02
-3.049999999999996447e+01 7.023812242578060527e-02
-3.039999999999996305e+01 1.048097647631584528e-01
-3.029999999999996163e+01 1.039032769894401992e-01
-3.019999999999996021e+01 1.025542466228944183e-01
-3.009999999999995879e+01 1.550085312043665842e-01
-2.999999999999995737e+01 9.362698524630104491e-02
-2.989999999999995595e+01 9.682995066234070802e-02
-2.979999999999995453e+01 1.070905347977713917e-01
-2.969999999999995310e+01 3.158027316393599571e-02
-2.959999999999995168e+01 1.419475652581923082e-03
-2.949999999999995026e+01 3.914742987562931306e-03
-2.939999999999994884e+01 7.811619200413701808e-03
-2.929999999999994742e+01 7.818550822196356637e-03
-2.919999999999994600e+01 2.703516451610994253e-03
-2.909999999999994458e+01 1.361016713416846741e-02
-2.899999999999994316e+01 3.574244832819203910e-02
-2.889999999999994174e+01 1.818071073945915980e-02
-2.879999999999994031e+01 2.798396248610401926e-02
-2.869999999999993889e+01 4.980598895242110274e-02
-2.859999999999993747e+01 3.326541173709927218e-02
-2.849999999999993605e+01 4.132577609129384905e-02
-2.839999999999993463e+01 8.893433280572934918e-02
-2.829999999999993321e+01 1.162815775305716670e-01
-2.819999999999993179e+01 3.675784636247408366e-01
-2.809999999999993037e+01 8.713332537352107554e-01
-2.799999999999992895e+01 1.839965384276583737e+00
-2.789999999999992752e+01 2.572566669285297536e+00
-2.779999999999992610e+01 3.171997058950364767e+00
-2.769999999999992468e+01 3.470021819788962514e+00
-2.759999999999992326e+01 3.883751308992505091e+00
-2.749999999999992184e+01 3.874923035092651791e+00
-2.739999999999992042e+01 4.132884578853845525e+00
-2.729999999999991900e+01 4.126596950441598466e+00
-2.719999999999991758e+01 3.510737980250269175e+00
-2.709999999999991616e+01 2.280085485531017309e+00
-2.699999999999991473e+01 1.469923548530787327e+00
-2.689999999999991331e+01 9.919297532131895467e-01
-2.679999999999991189e+01 1.357428934024646816e+00
-2.669999999999991047e+01 1.465843363944441036e+00
-2.659999999999990905e+01 1.529694610289298096e+00
-2.649999999999990763e+01 2.099224924799054648e+00
-2.639999999999990621e+01 2.628560300113167436e+00
-2.629999999999990479e+01 2.814683063048869283e+00
-2.619999999999990337e+01 2.490470448015257521e+00
-2.609999999999990195e+01 3.475291917249560214e+00
-2.599999999999990052e+01 6.464196492880582845e+00
-2.589999999999989910e+01 8.848978138417004757e+00
-2.579999999999989768e+01 1.214081681847572369e+01
-2.569999999999989626e+01 1.482789909213781421e+01
-2.559999999999989484e+01 1.459049246370792474e+01
-2.549999999999989342e+01 1.181121222078800237e+01
-2.539999999999989200e+01 9.303263897746800737e+00
-2.529999999999989058e+01 7.841373985707759786e+00
-2.519999999999988916e+01 5.045319070369004955e+00
-2.509999999999988773e+01 3.254209993742406493e+00
-2.499999999999988631e+01 2.420642142174765254e+00
-2.489999999999988489e+01 1.329176511113764780e+00
-2.479999999999988347e+01 9.582816750177880483e-01
-2.469999999999988205e+01 1.229626351243932714e+00
-2.459999999999988063e+01 1.143607336923014417e+00
-2.449999999999987921e+01 1.127068806542083523e+00
-2.439999999999987779e+01 1.216631044812966245e+00
-2.429999999999987637e+01 1.186383680928265738e+00
-2.419999999999987494e+01 1.012958860733779165e+00
-2.409999999999987352e+01 1.370701114060357106e+00
-2.399999999999987210e+01 2.164133398989215529e+00
-2.389999999999987068e+01 3.037967235799878818e+00
-2.379999999999986926e+01 3.518882174585014511e+00
-2.369999999999986784e+01 3.426426511444151224e+00
-2.359999999999986642e+01 3.606002958435565287e+00
-2.349999999999986500e+01 4.514025284834206175e+00
-2.339999999999986358e+01 4.764224158823489930e+00
-2.329999999999986215e+01 5.501843156926334188e+00
-2.319999999999986073e+01 6.844203318282962023e+00
-2.309999999999985931e+01 8.327347049862146022e+00
-2.299999999999985789e+01 8.767872063517570425e+00
-2.289999999999985647e+01 9.614501180350780274e+00
-2.279999999999985505e+01 9.634087048768996908e+00
-2.269999999999985363e+01 9.404498374760150270e+00
-2.259999999999985221e+01 9.170402911305426841e+00
-2.249999999999985079e+01 8.972858524918557066e+00
-2.239999999999984936e+01 7.381261325776576676e+00
-2.229999999999984794e+01 5.520324170887469961e+00
-2.219999999999984652e+01 3.244136826265603180e+00
-2.209999999999984510e+01 2.384133692067116339e+00
-2.199999999999984368e+01 2.048046042155474478e+00
-2.189999999999984226e+01 1.915183044932782686e+00
-2.179999999999984084e+01 1.692960410071536970e+00
-2.169999999999983942e+01 1.842221992965787702e+00
-2.159999999999983800e+01 2.318104106485843641e+00
-2.149999999999983658e+01 2.685601016674190600e+00
-2.139999999999983515e+01 2.197283218838274266e+00
-2.129999999999983373e+01 1.998053293675184250e+00
-2.119999999999983231e+01 2.122288648374378806e+00
-2.109999999999983089e+01 2.350223869811743693e+00
-2.099999999999982947e+01 2.591880001612007600e+00
-2.089999999999982805e+01 4.238918272331357429e+00
-2.079999999999982663e+01 6.084212391674518550e+00
-2.069999999999982521e+01 7.108437386304140126e+00
-2.059999999999982379e+01 8.778262473940849020e+00
-2.049999999999982236e+01 9.887644975334405117e+00
-2.039999999999982094e+01 9.421758719980717345e+00
-2.029999999999981952e+01 9.672010259181261560e+00
-2.019999999999981810e+01 9.409654845893383524e+00
-2.009999999999981668e+01 9.387188365608453822e+00
-1.999999999999981526e+01 9.200852155238390395e+00
-1.989999999999981384e+01 9.795706817656755661e+00
-1.979999999999981242e+01 1.030393526747822719e+01
-1.969999999999981100e+01 1.122493933171033831e+01
-1.959999999999980957e+01 1.294780713513493531e+01
-1.949999999999980815e+01 1.398149583041668009e+01
-1.939999999999980673e+01 1.509728070229291852e+01
-1.929999999999980531e+01 1.638318735718727126e+01
-1.919999999999980389e+01 1.816618056148290705e+01
-1.909999999999980247e+01 1.814191223174333700e+01
-1.899999999999980105e+01 1.674531245172023830e+01
-1.889999999999979963e+01 1.542959163904190056e+01
-1.879999999999979821e+01 1.464460722148418448e+01
-1.869999999999979678e+01 1.291991426095366435e+01
-1.859999999999979536e+01 1.399689615786075514e+01
-1.849999999999979394e+01 1.541698025077581491e+01
-1.839999999999979252e+01 1.454945947498083036e+01
-1.829999999999979110e+01 1.241697524279356024e+01
-1.819999999999978968e+01 1.150065332219004688e+01
-1.809999999999978826e+01 1.040366893947124538e+01
-1.799999999999978684e+01 9.206416659951209169e+00
-1.789999999999978542e+01 9.498208127766847753e+00
-1.779999999999978400e+01 9.558973655104637146e+00
-1.769999999999978257e+01 1.102385148584842689e+01
-1.759999999999978115e+01 1.227449862524867008e+01
-1.749999999999977973e+01 1.540133275836706161e+01
-1.739999999999977831e+01 1.851041941940784596e+01
-1.729999999999977689e+01 2.012263293564319611e+01
-1.719999999999977547e+01 2.028960827738046646e+01
-1.709999999999977405e+01 1.916941697031259650e+01
-1.699999999999977263e+01 1.848280371993780236e+01
-1.689999999999977121e+01 1.935784115523100013e+01
-1.679999999999976978e+01 1.874299462527036653e+01
-1.669999999999976836e+01 1.622725364714860774e+01
-1.659999999999976694e+01 1.486500192821025834e+01
-1.649999999999976552e+01 1.304505299180746114e+01
-1.639999999999976410e+01 1.047948844194412210e+01
-1.629999999999976268e+01 8.703615599870682118e+00
-1.619999999999976126e+01 7.402470469772815420e+00
-1.609999999999975984e+01 7.497920476496219955e+00
-1.599999999999975842e+01 7.763029864430427196e+00
-1.589999999999975699e+01 8.178656453639268520e+00
-1.579999999999975557e+01 9.324923603385686377e+00
-1.569999999999975415e+01 1.036771795958280507e+01
-1.559999999999975273e+01 1.138585586324334109e+01
-1.549999999999975131e+01 1.232229708284139669e+01
-1.539999999999974989e+01 1.210566280752420454e+01
-1.529999999999974847e+01 1.266858378827571840e+01
-1.519999999999974705e+01 1.326161237716674890e+01
-1.509999999999974563e+01 1.559999840468168308e+01
-1.499999999999974420e+01 1.856637028247117982e+01
-1.489999999999974278e+01 2.254564203739166217e+01
-1.479999999999974136e+01 2.481273172527551552e+01
-1.469999999999973994e+01 2.303117451667785787e+01
-1.459999999999973852e+01 1.899478478103876000e+01
-1.449999999999973710e+01 1.646039925813674998e+01
-1.439999999999973568e+01 1.587948271781206167e+01
-1.429999999999973426e+01 1.594357440888881605e+01
-1.419999999999973284e+01 1.454017683476209655e+01
-1.409999999999973141e+01 1.435147813886404045e+01
-1.399999999999972999e+01 1.575939670085906918e+01
-1.389999999999972857e+01 1.698322765737772144e+01
-1.379999999999972715e+01 1.790581909179687514e+01
-1.369999999999972573e+01 1.923413966029882261e+01
-1.359999999999972431e+01 2.048068723738193597e+01
-1.349999999999972289e+01 2.073755772799253450e+01
-1.339999999999972147e+01 2.073090415418148069e+01
-1.329999999999972005e+01 2.080272389262914601e+01
-1.319999999999971863e+01 2.099685840934515113e+01
-1.309999999999971720e+01 1.999442884236574258e+01
-1.299999999999971578e+01 1.874609087109565664e+01
-1.289999999999971436e+01 1.730123224169015828e+01
-1.279999999999971294e+01 1.734443496197462053e+01
-1.269999999999971152e+01 1.757418453514576129e+01
-1.259999999999971010e+01 2.043641130208969159e+01
-1.249999999999970868e+01 2.250740426838397923e+01
-1.239999999999970726e+01 2.479652857601642779e+01
-1.229999999999970584e+01 2.691121512234211011e+01
-1.219999999999970441e+01 2.952273975789546867e+01
-1.209999999999970299e+01 3.042038293898105650e+01
-1.199999999999970157e+01 2.993580441772937917e+01
-1.189999999999970015e+01 2.875386378049850578e+01
-1.179999999999969873e+01 2.587009365677833728e+01
-1.169999999999969731e+01 2.507818458795547656e+01
-1.159999999999969589e+01 2.746713365375995508e+01
-1.149999999999969447e+01 2.943635816872119904e+01
-1.139999999999969305e+01 3.117490946769714455e+01
-1.129999999999969162e+01 3.202755843460559504e+01
-1.119999999999969020e+01 3.434147907733917293e+01
-1.109999999999968878e+01 3.867939043402671473e+01
-1.099999999999968736e+01 4.095127839446067952e+01
-1.089999999999968594e+01 4.166945256292819977e+01
-1.079999999999968452e+01 4.041531834840774451e+01
-1.069999999999968310e+01 3.844565353572368593e+01
-1.059999999999968168e+01 3.626555561482906143e+01
-1.049999999999968026e+01 3.456476943135261592e+01
-1.039999999999967883e+01 3.359029765784740107e+01
-1.029999999999967741e+01 3.424965895473957289e+01
-1.019999999999967599e+01 3.406566118299961232e+01
-1.009999999999967457e+01 3.387930549561977500e+01
-9.999999999999673150e+00 3.486310299336910390e+01
-9.899999999999671729e+00 3.466500227808952417e+01
-9.799999999999670308e+00 3.336221400439739426e+01
-9.699999999999668887e+00 3.346234956383705139e+01
-9.599999999999667466e+00 3.546001259028911790e+01
-9.499999999999666045e+00 3.693675301969051361e+01
-9.399999999999664624e+00 3.884306185662746458e+01
-9.299999999999663203e+00 3.913971162259579017e+01
-9.199999999999661782e+00 4.005084589540958717e+01
-9.099999999999660361e+00 3.864368966162204799e+01
-8.999999999999658939e+00 3.796431076407432670e+01
-8.899999999999657518e+00 3.755276421129703834e+01
-8.799999999999656097e+00 3.764560109734534876e+01
-8.699999999999654676e+00 3.588955382287502260e+01
-8.599999999999653255e+00 3.686105037927627848e+01
-8.499999999999651834e+00 3.515610889673232720e+01
-8.399999999999650413e+00 3.370497868239879580e+01
-8.299999999999648992e+00 3.211770778656006087e+01
-8.199999999999647571e+00 3.097624069333076591e+01
-8.099999999999646150e+00 2.935086941838264352e+01
-7.999999999999644729e+00 3.027278073370456823e+01
-7.899999999999643308e+00 2.929629635214805461e+01
-7.799999999999641886e+00 2.895577512264251752e+01
-7.699999999999640465e+00 3.066510988056659670e+01
-7.599999999999639044e+00 3.235958438873291243e+01
-7.499999999999637623e+00 3.323787323832512186e+01
-7.399999999999636202e+00 3.264201256513595695e+01
-7.299999999999634781e+00 2.914758664548396894e+01
-7.199999999999633360e+00 2.474459487676620384e+01
-7.099999999999631939e+00 2.170669293522834664e+01
-6.999999999999630518e+00 1.956223626822233186e+01
-6.899999999999629097e+00 1.889368790775537477e+01
-6.799999999999627676e+00 1.949472303837537623e+01
-6.699999999999626255e+00 1.994784194886684503e+01
-6.599999999999624833e+00 2.060478880524635414e+01
-6.499999999999623412e+00 2.113889214485883628e+01
-6.399999999999621991e+00 2.027265300273895221e+01
-6.299999999999620570e+00 1.814909367650747285e+01
-6.199999999999619149e+00 1.661188362002372898e+01
-6.099999999999617728e+00 1.556180811852216728e+01
-5.999999999999616307e+00 1.616846952676772986e+01
-5.899999999999614886e+00 1.869923099398613076e+01
-5.799999999999613465e+00 1.946416717797517748e+01
-5.699999999999612044e+00 1.885167575329542089e+01
-5.599999999999610623e+00 1.635958557128906321e+01
-5.499999999999609201e+00 1.514047981798648834e+01
-5.399999999999607780e+00 1.377011759847402494e+01
-5.299999999999606359e+00 1.155343644022941518e+01
-5.199999999999604938e+00 1.130710690975189259e+01
-5.099999999999603517e+00 1.005080213889479701e+01
-4.999999999999602096e+00 7.659034536555409112e+00
-4.899999999999600675e+00 6.326347736269235966e+00
-4.799999999999599254e+00 4.422184298373759148e+00
-4.699999999999597833e+00 2.495225222622975636e+00
-4.599999999999596412e+00 2.175213057212531442e+00
-4.499999999999594991e+00 1.307838051798753343e+00
-4.399999999999593570e+00 7.897766896476968723e-01
-4.299999999999592148e+00 1.034845484485849676e+00
-4.199999999999590727e+00 1.114148188193794242e+00
-4.099999999999589306e+00 6.770125404256396306e-01
-3.999999999999587885e+00 3.972134703566553293e-01
-3.899999999999586464e+00 2.353821755900571688e-01
-3.799999999999585043e+00 1.085748417152626599e-01
-3.699999999999583622e+00 9.099564713300424545e-02
-3.599999999999582201e+00 1.317932450230000496e-01
-3.499999999999580780e+00 1.816111365507822595e-01
-3.399999999999579359e+00 2.028934921650215883e-01
-3.299999999999577938e+00 1.229318078786309359e-01
-3.199999999999576517e+00 8.892628821275139206e-02
-3.099999999999575095e+00 1.177522547528224162e-01
-2.999999999999573674e+00 9.179618685976037584e-02
-2.899999999999572253e+00 8.835400489671656199e-02
-2.799999999999570832e+00 1.442983980555436474e-01
-2.699999999999569411e+00 2.502177603129530081e-01
-2.599999999999567990e+00 3.244206289958674327e-01
-2.499999999999566569e+00 2.815101505003985705e-01
-2.399999999999565148e+00 4.276724285967429817e-01
-2.299999999999563727e+00 8.602670926810241925e-01
-2.199999999999562306e+00 9.832451787730679404e-01
-2.099999999999560885e+00 1.544524428937584126e+00
-1.999999999999559464e+00 2.324038782827555938e+00
-1.899999999999558042e+00 5.382392820268869116e+00
-1.799999999999556621e+00 8.185707952901720930e+00
-1.699999999999555200e+00 1.295544465839862802e+01
-1.599999999999553779e+00 1.699510974526405249e+01
-1.499999999999552358e+00 1.874776402443647427e+01
-1.399999999999550937e+00 2.057897045254707180e+01
-1.299999999999549516e+00 2.255761323809623775e+01
-1.199999999999548095e+00 2.164949057042598568e+01
-1.099999999999546674e+00 2.061862649977207340e+01
-9.999999999995452526e-01 1.867385847419500422e+01
-8.999999999995438316e-01 1.711185734897851773e+01
-7.999999999995424105e-01 1.659424473166465930e+01
-6.999999999995409894e-01 1.786206039696931924e+01
-5.999999999995395683e-01 2.006724612385034590e+01
-4.999999999995381472e-01 2.423387525141239252e+01
-3.999999999995367261e-01 2.710707006752490855e+01
-2.999999999995353051e-01 2.741729054391383968e+01
-1.999999999995338840e-01 2.647103541016578632e+01
-9.999999999953246288e-02 2.355411287426948519e+01
4.689582056016661227e-13 2.123138092517852726e+01
1.000000000004703793e-01 1.897524291306734057e+01
2.000000000004718004e-01 1.669075997442007164e+01
3.000000000004732215e-01 1.636334760338068151e+01
4.000000000004746425e-01 1.615578846603632002e+01
5.000000000004760636e-01 1.785288034707307858e+01
6.000000000004774847e-01 2.114406848400831151e+01
7.000000000004789058e-01 2.335818195164203814e+01
8.000000000004803269e-01 2.474328804761171341e+01
9.000000000004817480e-01 2.478381364434957490e+01
1.000000000000483169e+00 2.237968567073345127e+01
