-3.300000000000000000e+01 0.000000000000000000e+00
-3.289999999999999858e+01 0.000000000000000000e+00
-3.279999999999999716e+01 0.000000000000000000e+00
-3.269999999999999574e+01 0.000000000000000000e+00
-3.259999999999999432e+01 9.870527428574859825e-05
-3.249999999999999289e+01 2.990848894114606299e-04
-3.239999999999999147e+01 9.677752823336049372e-05
-3.229999999999999005e+01 0.000000000000000000e+00
-3.219999999999998863e+01 0.000000000000000000e+00
-3.209999999999998721e+01 0.000000000000000000e+00
-3.199999999999998579e+01 0.000000000000000000e+00
-3.189999999999998437e+01 0.000000000000000000e+00
-3.179999999999998295e+01 0.000000000000000000e+00
-3.169999999999998153e+01 0.000000000000000000e+00
-3.159999999999998010e+01 0.000000000000000000e+00
-3.149999999999997868e+01 0.000000000000000000e+00
-3.139999999999997726e+01 0.000000000000000000e+00
-3.129999999999997584e+01 0.000000000000000000e+00
-3.119999999999997442e+01 0.000000000000000000e+00
-3.109999999999997300e+01 0.000000000000000000e+00
-3.099999999999997158e+01 0.000000000000000000e+00
-3.089999999999997016e+01 0.000000000000000000e+00
-3.079999999999996874e+01 0.000000000000000000e+00
-3.069999999999996732e+01 0.000000000000000000e+00
-3.059999999999996589e+01 0.000000000000000000e+00
-3.049999999999996447e+01 0.000000000000000000e+00
-3.039999999999996305e+01 0.000000000000000000e+00
-3.029999999999996163e+01 0.000000000000000000e+00
-3.019999999999996021e+01 0.000000000000000000e+00
-3.009999999999995879e+01 0.000000000000000000e+00
-2.999999999999995737e+01 0.000000000000000000e+00
-2.989999999999995595e+01 0.000000000000000000e+00
-2.979999999999995453e+01 0.000000000000000000e+00
-2.969999999999995310e+01 0.000000000000000000e+00
-2.959999999999995168e+01 0.000000000000000000e+00
-2.949999999999995026e+01 0.000000000000000000e+00
-2.939999999999994884e+01 0.000000000000000000e+00
-2.929999999999994742e+01 0.000000000000000000e+00
-2.919999999999994600e+01 0.000000000000000000e+00
-2.909999999999994458e+01 0.000000000000000000e+00
-2.899999999999994316e+01 0.000000000000000000e+00
-2.889999999999994174e+01 0.000000000000000000e+00
-2.879999999999994031e+01 0.000000000000000000e+00
-2.869999999999993889e+01 0.000000000000000000e+00
-2.859999999999993747e+01 0.000000000000000000e+00
-2.849999999999993605e+01 0.000000000000000000e+00
-2.839999999999993463e+01 0.000000000000000000e+00
-2.829999999999993321e+01 0.000000000000000000e+00
-2.819999999999993179e+01 0.000000000000000000e+00
-2.809999999999993037e+01 0.000000000000000000e+00
-2.799999999999992895e+01 0.000000000000000000e+00
-2.789999999999992752e+01 0.000000000000000000e+00
-2.779999999999992610e+01 0.000000000000000000e+00
-2.769999999999992468e+01 0.000000000000000000e+00
-2.759999999999992326e+01 0.000000000000000000e+00
-2.749999999999992184e+01 0.000000000000000000e+00
-2.739999999999992042e+01 0.000000000000000000e+00
-2.729999999999991900e+01 0.000000000000000000e+00
-2.719999999999991758e+01 0.000000000000000000e+00
-2.709999999999991616e+01 0.000000000000000000e+00
-2.699999999999991473e+01 0.000000000000000000e+00
-2.689999999999991331e+01 0.000000000000000000e+00
-2.679999999999991189e+01 0.000000000000000000e+00
-2.669999999999991047e+01 0.000000000000000000e+00
-2.659999999999990905e+01 4.256820771843195178e-04
-2.649999999999990763e+01 8.617290761321783499e-04
-2.639999999999990621e+01 4.406299791298806884e-04
-2.629999999999990479e+01 0.000000000000000000e+00
-2.619999999999990337e+01 0.000000000000000000e+00
-2.609999999999990195e+01 0.000000000000000000e+00
-2.599999999999990052e+01 0.000000000000000000e+00
-2.589999999999989910e+01 0.000000000000000000e+00
-2.579999999999989768e+01 0.000000000000000000e+00
-2.569999999999989626e+01 0.000000000000000000e+00
-2.559999999999989484e+01 0.000000000000000000e+00
-2.549999999999989342e+01 0.000000000000000000e+00
-2.539999999999989200e+01 0.000000000000000000e+00
-2.529999999999989058e+01 0.000000000000000000e+00
-2.519999999999988916e+01 0.000000000000000000e+00
-2.509999999999988773e+01 0.000000000000000000e+00
-2.499999999999988631e+01 0.000000000000000000e+00
-2.489999999999988489e+01 0.000000000000000000e+00
-2.479999999999988347e+01 0.000000000000000000e+00
-2.469999999999988205e+01 0.000000000000000000e+00
-2.459999999999988063e+01 0.000000000000000000e+00
-2.449999999999987921e+01 0.000000000000000000e+00
-2.439999999999987779e+01 0.000000000000000000e+00
-2.429999999999987637e+01 0.000000000000000000e+00
-2.419999999999987494e+01 0.000000000000000000e+00
-2.409999999999987352e+01 0.000000000000000000e+00
-2.399999999999987210e+01 0.000000000000000000e+00
-2.389999999999987068e+01 0.000000000000000000e+00
-2.379999999999986926e+01 1.522673381259665002e-04
-2.369999999999986784e+01 3.720876076840795468e-04
-2.359999999999986642e+01 1.500066209700889885e-04
-2.349999999999986500e+01 0.000000000000000000e+00
-2.339999999999986358e+01 0.000000000000000000e+00
-2.329999999999986215e+01 0.000000000000000000e+00
-2.319999999999986073e+01 0.000000000000000000e+00
-2.309999999999985931e+01 1.076967464541667141e-05
-2.299999999999985789e+01 5.187881615711376071e-04
-2.289999999999985647e+01 1.262854158721893371e-03
-2.279999999999985505e+01 4.504618336795829237e-04
-2.269999999999985363e+01 0.000000000000000000e+00
-2.259999999999985221e+01 0.000000000000000000e+00
-2.249999999999985079e+01 0.000000000000000000e+00
-2.239999999999984936e+01 0.000000000000000000e+00
-2.229999999999984794e+01 0.000000000000000000e+00
-2.219999999999984652e+01 5.404267692938446565e-04
-2.209999999999984510e+01 1.317571938852779611e-03
-2.199999999999984368e+01 2.365228522103279916e-03
-2.189999999999984226e+01 5.788970776757195943e-03
-2.179999999999984084e+01 5.111466582529829161e-02
-2.169999999999983942e+01 1.716501931106904633e-01
-2.159999999999983800e+01 7.536060970276594606e-01
-2.149999999999983658e+01 1.539536116272210986e+00
-2.139999999999983515e+01 2.466622481122612953e+00
-2.129999999999983373e+01 3.172562400251627057e+00
-2.119999999999983231e+01 3.385577275604009451e+00
-2.109999999999983089e+01 3.006990694999694735e+00
-2.099999999999982947e+01 2.223768869787454694e+00
-2.089999999999982805e+01 1.382145032286643982e+00
-2.079999999999982663e+01 7.633996152319013628e-01
-2.069999999999982521e+01 3.250263038557023032e-01
-2.059999999999982379e+01 7.017867885806480799e-02
-2.049999999999982236e+01 8.405975262176071383e-02
-2.039999999999982094e+01 4.994071488545159809e-02
-2.029999999999981952e+01 2.580067635171872167e-02
-2.019999999999981810e+01 1.862915801302733598e-02
-2.009999999999981668e+01 1.557439749426521233e-02
-1.999999999999981526e+01 1.339045290642388794e-02
-1.989999999999981384e+01 7.209222965320805435e-03
-1.979999999999981242e+01 4.197335655771894207e-03
-1.969999999999981100e+01 3.018013162363786424e-03
-1.959999999999980957e+01 1.418297245254507245e-03
-1.949999999999980815e+01 8.200499054510146163e-04
-1.939999999999980673e+01 3.305744045792380521e-03
-1.929999999999980531e+01 6.528162929659231221e-03
-1.919999999999980389e+01 3.984757457510567855e-03
-1.909999999999980247e+01 2.566040287027135380e-01
-1.899999999999980105e+01 5.063656367361545341e-01
-1.889999999999979963e+01 1.287080588378012092e+00
-1.879999999999979821e+01 2.161207304522394956e+00
-1.869999999999979678e+01 3.496396929770708262e+00
-1.859999999999979536e+01 4.619254209101200104e+00
-1.849999999999979394e+01 5.586715476214886067e+00
-1.839999999999979252e+01 5.846007093787193298e+00
-1.829999999999979110e+01 5.348669372498989105e+00
-1.819999999999978968e+01 4.190633987635374424e+00
-1.809999999999978826e+01 2.869970259815454394e+00
-1.799999999999978684e+01 1.645335069671273187e+00
-1.789999999999978542e+01 7.382032318040728791e-01
-1.779999999999978400e+01 3.582313989289104827e-01
-1.769999999999978257e+01 1.631042137796612224e-02
-1.759999999999978115e+01 9.851999479360528875e-03
-1.749999999999977973e+01 1.311982057095519884e-02
-1.739999999999977831e+01 1.530052621610593702e-02
-1.729999999999977689e+01 1.429876190563845670e-02
-1.719999999999977547e+01 1.333713808191987552e-02
-1.709999999999977405e+01 1.320699728094041313e-02
-1.699999999999977263e+01 1.003531906098942272e-02
-1.689999999999977121e+01 4.206795898971904882e-03
-1.679999999999976978e+01 1.287021488133177714e-03
-1.669999999999976836e+01 1.211280086135957433e-03
-1.659999999999976694e+01 8.240920493335579739e-04
-1.649999999999976552e+01 2.046008439356228250e-03
-1.639999999999976410e+01 4.467587359130220648e-03
-1.629999999999976268e+01 6.649853293220075665e-03
-1.619999999999976126e+01 1.010201388635323383e-02
-1.609999999999975984e+01 6.297029482084326446e-03
-1.599999999999975842e+01 5.643811028130584981e-03
-1.589999999999975699e+01 2.189360468928498379e-02
-1.579999999999975557e+01 3.749157172896957352e-02
-1.569999999999975415e+01 4.639597111154216552e-02
-1.559999999999975273e+01 5.904726085300353311e-02
-1.549999999999975131e+01 4.293974079787403475e-02
-1.539999999999974989e+01 3.539664905983954668e-01
-1.529999999999974847e+01 6.930531324818730576e-01
-1.519999999999974705e+01 1.596007039770483971e+00
-1.509999999999974563e+01 2.765226309746503741e+00
-1.499999999999974420e+01 4.225946684181690394e+00
-1.489999999999974278e+01 5.256996828317642034e+00
-1.479999999999974136e+01 6.005259101092815577e+00
-1.469999999999973994e+01 5.779794453084468486e+00
-1.459999999999973852e+01 4.987314869463443934e+00
-1.449999999999973710e+01 3.574642965942621320e+00
-1.439999999999973568e+01 2.215206733345985501e+00
-1.429999999999973426e+01 1.071807711012661368e+00
-1.419999999999973284e+01 4.345050492323935254e-01
-1.409999999999973141e+01 1.165242585295345606e-01
-1.399999999999972999e+01 3.179684957485733043e-02
-1.389999999999972857e+01 1.053235895597026683e-02
-1.379999999999972715e+01 1.602868824747929327e-02
-1.369999999999972573e+01 2.545862413608119754e-02
-1.359999999999972431e+01 3.845550167311558021e-02
-1.349999999999972289e+01 6.248184513951855756e-02
-1.339999999999972147e+01 7.957646013460362155e-02
-1.329999999999972005e+01 4.742898022290319426e-01
-1.319999999999971863e+01 9.198348892852663550e-01
-1.309999999999971720e+01 1.766394556313753084e+00
-1.299999999999971578e+01 2.821684127300977618e+00
-1.289999999999971436e+01 3.454298009723424823e+00
-1.279999999999971294e+01 3.449469798803329379e+00
-1.269999999999971152e+01 2.914433868974447339e+00
-1.259999999999971010e+01 1.925225835666060537e+00
-1.249999999999970868e+01 1.067488075979053930e+00
-1.239999999999970726e+01 5.645989665761590448e-01
-1.229999999999970584e+01 1.116621803877933389e-01
-1.219999999999970441e+01 1.042483179094233492e-01
-1.209999999999970299e+01 6.204439398652539239e-02
-1.199999999999970157e+01 4.471816767686505323e-02
-1.189999999999970015e+01 4.034579393380681445e-02
-1.179999999999969873e+01 1.317814527457812912e-01
-1.169999999999969731e+01 2.720538543770089634e-01
-1.159999999999969589e+01 5.920186917297541873e-01
-1.149999999999969447e+01 1.216632096469402402e+00
-1.139999999999969305e+01 2.180451548472047030e+00
-1.129999999999969162e+01 3.445367628335952670e+00
-1.119999999999969020e+01 4.692080157995223821e+00
-1.109999999999968878e+01 5.631728911399841664e+00
-1.099999999999968736e+01 6.068169490993023274e+00
-1.089999999999968594e+01 5.775781555473804119e+00
-1.079999999999968452e+01 4.980248929560184834e+00
-1.069999999999968310e+01 3.916550201922655017e+00
-1.059999999999968168e+01 3.240989582240581424e+00
-1.049999999999968026e+01 3.217774030566215693e+00
-1.039999999999967883e+01 3.797633908689022064e+00
-1.029999999999967741e+01 4.731387323141097667e+00
-1.019999999999967599e+01 5.426420031487941387e+00
-1.009999999999967457e+01 5.559818328917026875e+00
-9.999999999999673150e+00 5.071882081031799494e+00
-9.899999999999671729e+00 3.970473803579807281e+00
-9.799999999999670308e+00 2.768915572017431437e+00
-9.699999999999668887e+00 1.649167111515998929e+00
-9.599999999999667466e+00 1.122233804874122054e+00
-9.499999999999666045e+00 9.253666492179035696e-01
-9.399999999999664624e+00 1.484841116890311286e+00
-9.299999999999663203e+00 2.364399493485689341e+00
-9.199999999999661782e+00 3.169843941181897939e+00
-9.099999999999660361e+00 3.608979803323745905e+00
-8.999999999999658939e+00 3.297112157195806414e+00
-8.899999999999657518e+00 2.443128565326333046e+00
-8.799999999999656097e+00 1.766763370111584575e+00
-8.699999999999654676e+00 1.244133424200117632e+00
-8.599999999999653255e+00 1.637835019826888949e+00
-8.499999999999651834e+00 2.486255411803722559e+00
-8.399999999999650413e+00 3.740868157893419088e+00
-8.299999999999648992e+00 4.968012084066868006e+00
-8.199999999999647571e+00 5.528493466973304571e+00
-8.099999999999646150e+00 5.577801007032394232e+00
-7.999999999999644729e+00 4.905298867821693776e+00
-7.899999999999643308e+00 3.776251901686191736e+00
-7.799999999999641886e+00 2.696275967359542669e+00
-7.699999999999640465e+00 1.717149322852492332e+00
-7.599999999999639044e+00 8.654425760731101480e-01
-7.499999999999637623e+00 3.959930241107940674e-01
-7.399999999999636202e+00 8.893912445319074322e-02
-7.299999999999634781e+00 3.544118591980804922e-02
-7.199999999999633360e+00 1.678444228357420936e-02
-7.099999999999631939e+00 3.443846255249809196e-02
-6.999999999999630518e+00 6.864064909677836113e-02
-6.899999999999629097e+00 6.952809099107980506e-01
-6.799999999999627676e+00 1.290179690904915244e+00
-6.699999999999626255e+00 2.403644639253616155e+00
-6.599999999999624833e+00 3.817751450836658567e+00
-6.499999999999623412e+00 5.453104247152805506e+00
-6.399999999999621991e+00 6.401568093895912526e+00
-6.299999999999620570e+00 6.540238787233829676e+00
-6.199999999999619149e+00 5.397881560027599335e+00
-6.099999999999617728e+00 4.014978010207414627e+00
-5.999999999999616307e+00 2.461258931457996457e+00
-5.899999999999614886e+00 1.205625742860138461e+00
-5.799999999999613465e+00 4.500913592521101347e-01
-5.699999999999612044e+00 1.629431931709404979e-01
-5.599999999999610623e+00 2.556865219113433479e-02
-5.499999999999609201e+00 1.100045530152300374e-02
-5.399999999999607780e+00 9.091000447369879112e-04
-5.299999999999606359e+00 0.000000000000000000e+00
-5.199999999999604938e+00 0.000000000000000000e+00
-5.099999999999603517e+00 0.000000000000000000e+00
-4.999999999999602096e+00 0.000000000000000000e+00
-4.899999999999600675e+00 0.000000000000000000e+00
-4.799999999999599254e+00 0.000000000000000000e+00
-4.699999999999597833e+00 0.000000000000000000e+00
-4.599999999999596412e+00 0.000000000000000000e+00
-4.499999999999594991e+00 1.687489624600857550e-04
-4.399999999999593570e+00 4.181620432063937296e-04
-4.299999999999592148e+00 1.763452542945742553e-04
-4.199999999999590727e+00 0.000000000000000000e+00
-4.099999999999589306e+00 0.000000000000000000e+00
-3.999999999999587885e+00 0.000000000000000000e+00
-3.899999999999586464e+00 0.000000000000000000e+00
-3.799999999999585043e+00 9.425735624972731146e-05
-3.699999999999583622e+00 2.242541522718966007e-04
-3.599999999999582201e+00 9.290995658375322277e-05
-3.499999999999580780e+00 0.000000000000000000e+00
-3.399999999999579359e+00 0.000000000000000000e+00
-3.299999999999577938e+00 0.000000000000000000e+00
-3.199999999999576517e+00 0.000000000000000000e+00
-3.099999999999575095e+00 0.000000000000000000e+00
-2.999999999999573674e+00 0.000000000000000000e+00
-2.899999999999572253e+00 6.670337528703384816e-04
-2.799999999999570832e+00 1.561454230613890061e-03
-2.699999999999569411e+00 8.276517772537772197e-03
-2.599999999999567990e+00 1.729826523060182947e-02
-2.499999999999566569e+00 1.023920352472487173e-02
-2.399999999999565148e+00 7.190013392619221295e-03
-2.299999999999563727e+00 1.005796255262794182e-02
-2.199999999999562306e+00 1.198256870582099440e-02
-2.099999999999560885e+00 9.242012641334441253e-03
-1.999999999999559464e+00 5.526644422643585408e-02
-1.899999999999558042e+00 1.233738912589615183e-01
-1.799999999999556621e+00 4.255398537497967482e-01
-1.699999999999555200e+00 1.174675572104752153e+00
-1.599999999999553779e+00 2.501240196079015821e+00
-1.499999999999552358e+00 4.156783137470483780e+00
-1.399999999999550937e+00 5.800608506798743846e+00
-1.299999999999549516e+00 6.706754221022128704e+00
-1.199999999999548095e+00 6.874821826815605164e+00
-1.099999999999546674e+00 5.898578748106956482e+00
-9.999999999995452526e-01 5.132443477213382899e+00
-8.999999999995438316e-01 4.364011600613594055e+00
-7.999999999995424105e-01 4.179876025021076025e+00
-6.999999999995409894e-01 3.988846620172262103e+00
-5.999999999995395683e-01 3.645866873860359014e+00
-4.999999999995381472e-01 2.960373010486364365e+00
-3.999999999995367261e-01 2.633334316313266754e+00
-2.999999999995353051e-01 3.124708311259746463e+00
-1.999999999995338840e-01 4.545367965102196095e+00
-9.999999999953246288e-02 6.699612812697887776e+00
4.689582056016661227e-13 8.927088502049446816e+00
1.000000000004703793e-01 1.062497837841510773e+01
2.000000000004718004e-01 1.167415838241577219e+01
3.000000000004732215e-01 1.196049062311649358e+01
4.000000000004746425e-01 1.213225634694099497e+01
5.000000000004760636e-01 1.211743346750736272e+01
6.000000000004774847e-01 1.323410068452358246e+01
7.000000000004789058e-01 1.466779925823211705e+01
8.000000000004803269e-01 1.642761475145816874e+01
9.000000000004817480e-01 1.864280657172202993e+01
1.000000000000483169e+00 1.909771479964256358e+01
