-3.300000000000000000e+01 1.344379616476362449e-01
-3.289999999999999858e+01 8.372041808743234045e-03
-3.279999999999999716e+01 4.035575249483372429e-02
-3.269999999999999574e+01 7.062051633113697324e-02
-3.259999999999999432e+01 6.073940614949606409e-02
-3.249999999999999289e+01 3.598806449641415300e-02
-3.239999999999999147e+01 4.662695607876230636e-02
-3.229999999999999005e+01 4.098606108404055648e-02
-3.219999999999998863e+01 1.746847321461245800e-02
-3.209999999999998721e+01 8.469660980081243976e-03
-3.199999999999998579e+01 3.176239760098042292e-02
-3.189999999999998437e+01 1.114352752064587532e-01
-3.179999999999998295e+01 1.443505327450111397e-01
-3.169999999999998153e+01 9.852524347661528736e-02
-3.159999999999998010e+01 6.048699235347157477e-02
-3.149999999999997868e+01 8.739289246266707112e-02
-3.139999999999997726e+01 1.526860182276323086e-01
-3.129999999999997584e+01 8.995374064848875306e-02
-3.119999999999997442e+01 3.417222009346005535e-02
-3.109999999999997300e+01 2.456516822071535058e-02
-3.099999999999997158e+01 2.806209308545021611e-02
-3.089999999999997016e+01 5.529338319454837197e-02
-3.079999999999996874e+01 4.881839005935034725e-02
-3.069999999999996732e+01 4.650472681876272052e-01
-3.059999999999996589e+01 1.241342857927083987e+00
-3.049999999999996447e+01 9.453342511318624242e-01
-3.039999999999996305e+01 3.095946015696972586e-01
-3.029999999999996163e+01 7.442474700408183153e-02
-3.019999999999996021e+01 1.320409254750120331e-01
-3.009999999999995879e+01 1.902693296142388135e-01
-2.999999999999995737e+01 7.902293305312924065e-02
-2.989999999999995595e+01 4.970240987389842879e-02
-2.979999999999995453e+01 3.687094445747789162e-02
-2.969999999999995310e+01 2.863447734303463388e-02
-2.959999999999995168e+01 3.678959781657795136e-02
-2.949999999999995026e+01 5.448458430561003984e-02
-2.939999999999994884e+01 4.926847785063728086e-02
-2.929999999999994742e+01 4.847113731932040787e-02
-2.919999999999994600e+01 3.577106214026571501e-02
-2.909999999999994458e+01 5.661915418942953943e-02
-2.899999999999994316e+01 6.707381046544469427e-02
-2.889999999999994174e+01 3.274894418583471772e-02
-2.879999999999994031e+01 1.081136957125272552e-01
-2.869999999999993889e+01 2.370768647739896484e-01
-2.859999999999993747e+01 1.890827557793818281e-01
-2.849999999999993605e+01 1.040431100665648451e-01
-2.839999999999993463e+01 1.257742704553675150e-01
-2.829999999999993321e+01 7.967482626787386613e-02
-2.819999999999993179e+01 2.209256002841357425e-02
-2.809999999999993037e+01 2.035821994635625756e-02
-2.799999999999992895e+01 2.124102186047821181e-02
-2.789999999999992752e+01 3.573821081114147286e-02
-2.779999999999992610e+01 1.843831369293184169e-02
-2.769999999999992468e+01 9.439159218309213506e-03
-2.759999999999992326e+01 2.971613730644094217e-02
-2.749999999999992184e+01 4.020143395478953385e-02
-2.739999999999992042e+01 2.670176695790360197e-02
-2.729999999999991900e+01 6.067058513530355218e-02
-2.719999999999991758e+01 1.177564590845577158e-01
-2.709999999999991616e+01 7.036292078128099370e-02
-2.699999999999991473e+01 5.766099645377835425e-02
-2.689999999999991331e+01 1.261614128778091870e-01
-2.679999999999991189e+01 1.520700832741567754e-01
-2.669999999999991047e+01 1.168939950922504023e-01
-2.659999999999990905e+01 7.262257602438331183e-01
-2.649999999999990763e+01 1.486376798432320401e+00
-2.639999999999990621e+01 2.104443050660192771e+00
-2.629999999999990479e+01 2.640104964077472527e+00
-2.619999999999990337e+01 1.967018092460930401e+00
-2.609999999999990195e+01 1.197942882964162070e+00
-2.599999999999990052e+01 7.598946094652637706e-01
-2.589999999999989910e+01 2.490377899041050225e-01
-2.579999999999989768e+01 1.881203180662123498e-01
-2.569999999999989626e+01 2.321504898613784562e-01
-2.559999999999989484e+01 2.098058860583114360e-01
-2.549999999999989342e+01 1.690760466181382149e-01
-2.539999999999989200e+01 1.789358062189421728e-01
-2.529999999999989058e+01 3.031358628165616853e-01
-2.519999999999988916e+01 4.869453310854441885e-01
-2.509999999999988773e+01 5.128179501031990828e-01
-2.499999999999988631e+01 5.079645373608218106e-01
-2.489999999999988489e+01 6.555851164847262824e-01
-2.479999999999988347e+01 8.091875338743557133e-01
-2.469999999999988205e+01 1.052932848855853143e+00
-2.459999999999988063e+01 1.499449006170034515e+00
-2.449999999999987921e+01 1.346589574962854474e+00
-2.439999999999987779e+01 1.356359522920101979e+00
-2.429999999999987637e+01 1.593526253663003489e+00
-2.419999999999987494e+01 1.707185920681804525e+00
-2.409999999999987352e+01 1.967812946662306883e+00
-2.399999999999987210e+01 1.997563097923994002e+00
-2.389999999999987068e+01 1.439969596182927525e+00
-2.379999999999986926e+01 1.096085275313817053e+00
-2.369999999999986784e+01 1.078486106244381570e+00
-2.359999999999986642e+01 1.315316302319988528e+00
-2.349999999999986500e+01 1.966011406232137215e+00
-2.339999999999986358e+01 4.907337819784880040e+00
-2.329999999999986215e+01 8.007725338339804821e+00
-2.319999999999986073e+01 1.003533194094896253e+01
-2.309999999999985931e+01 1.121928108215332109e+01
-2.299999999999985789e+01 9.986571499705314992e+00
-2.289999999999985647e+01 6.933091849386691763e+00
-2.279999999999985505e+01 3.715320406109094531e+00
-2.269999999999985363e+01 9.661856648325920505e-01
-2.259999999999985221e+01 5.395211785263381854e-01
-2.249999999999985079e+01 3.916861333801170963e-01
-2.239999999999984936e+01 3.486439543857705048e-01
-2.229999999999984794e+01 3.003273015961167580e-01
-2.219999999999984652e+01 5.150420697382651625e-01
-2.209999999999984510e+01 7.859134790953248295e-01
-2.199999999999984368e+01 1.013767317272722623e+00
-2.189999999999984226e+01 1.303119572643190560e+00
-2.179999999999984084e+01 1.386597322635352514e+00
-2.169999999999983942e+01 1.520832268297672263e+00
-2.159999999999983800e+01 2.202079753950238139e+00
-2.149999999999983658e+01 2.942833528891205752e+00
-2.139999999999983515e+01 3.365074842721223813e+00
-2.129999999999983373e+01 3.945320667475462173e+00
-2.119999999999983231e+01 3.929284079521894402e+00
-2.109999999999983089e+01 3.690768423154950018e+00
-2.099999999999982947e+01 3.767666891515255134e+00
-2.089999999999982805e+01 5.817302081286907622e+00
-2.079999999999982663e+01 7.813807070553302481e+00
-2.069999999999982521e+01 9.427743191719054394e+00
-2.059999999999982379e+01 1.100071280479431124e+01
-2.049999999999982236e+01 1.085716303825378404e+01
-2.039999999999982094e+01 7.696054079830646266e+00
-2.029999999999981952e+01 5.307132413387298797e+00
-2.019999999999981810e+01 4.265997953861951686e+00
-2.009999999999981668e+01 4.242532806545495916e+00
-1.999999999999981526e+01 4.152731495797634231e+00
-1.989999999999981384e+01 4.258265819698571875e+00
-1.979999999999981242e+01 4.395226874798535910e+00
-1.969999999999981100e+01 4.752431540638208496e+00
-1.959999999999980957e+01 5.359575454145669937e+00
-1.949999999999980815e+01 6.564731208682060171e+00
-1.939999999999980673e+01 7.831937354505061677e+00
-1.929999999999980531e+01 9.445928149819373232e+00
-1.919999999999980389e+01 1.171579910874366703e+01
-1.909999999999980247e+01 1.248017374694347303e+01
-1.899999999999980105e+01 1.195492968559265101e+01
-1.889999999999979963e+01 1.257735921561718051e+01
-1.879999999999979821e+01 1.344990134894847955e+01
-1.869999999999979678e+01 1.297066724956035699e+01
-1.859999999999979536e+01 1.439472878158092506e+01
-1.849999999999979394e+01 1.517994606375694211e+01
-1.839999999999979252e+01 1.473968297064304345e+01
-1.829999999999979110e+01 1.408300988078117300e+01
-1.819999999999978968e+01 1.173297547757625559e+01
-1.809999999999978826e+01 1.104422003746032743e+01
-1.799999999999978684e+01 1.208971098482608753e+01
-1.789999999999978542e+01 1.436424505352973924e+01
-1.779999999999978400e+01 1.581166194677352976e+01
-1.769999999999978257e+01 1.632437412142753530e+01
-1.759999999999978115e+01 1.545903963863849562e+01
-1.749999999999977973e+01 1.524787935197353406e+01
-1.739999999999977831e+01 1.541484375655651107e+01
-1.729999999999977689e+01 1.651542853236198383e+01
-1.719999999999977547e+01 1.576859807372093236e+01
-1.709999999999977405e+01 1.434157459139823843e+01
-1.699999999999977263e+01 1.214830078959464998e+01
-1.689999999999977121e+01 9.065126331448555064e+00
-1.679999999999976978e+01 7.065352411568165181e+00
-1.669999999999976836e+01 6.265841283798217809e+00
-1.659999999999976694e+01 5.845980764329433477e+00
-1.649999999999976552e+01 5.690857841968536057e+00
-1.639999999999976410e+01 7.190809835195540956e+00
-1.629999999999976268e+01 8.598409686982630973e+00
-1.619999999999976126e+01 1.107817114174365969e+01
-1.609999999999975984e+01 1.279820191740989621e+01
-1.599999999999975842e+01 1.429826790034771022e+01
-1.589999999999975699e+01 1.467543918013572757e+01
-1.579999999999975557e+01 1.500940960705280247e+01
-1.569999999999975415e+01 1.409305942475795703e+01
-1.559999999999975273e+01 1.165288513362407663e+01
-1.549999999999975131e+01 8.739193190336226991e+00
-1.539999999999974989e+01 6.978864428997039404e+00
-1.529999999999974847e+01 5.796722122728824367e+00
-1.519999999999974705e+01 6.686302781105041504e+00
-1.509999999999974563e+01 7.043109788596630061e+00
-1.499999999999974420e+01 7.214039219617843557e+00
-1.489999999999974278e+01 7.140067839622497914e+00
-1.479999999999974136e+01 6.890584984719753336e+00
-1.469999999999973994e+01 6.566673834025859691e+00
-1.459999999999973852e+01 7.540788722634315100e+00
-1.449999999999973710e+01 9.577029272913932800e+00
-1.439999999999973568e+01 1.168346266627311714e+01
-1.429999999999973426e+01 1.444905762135982563e+01
-1.419999999999973284e+01 1.649955649375915456e+01
-1.409999999999973141e+01 1.793459584474563684e+01
-1.399999999999972999e+01 1.871754586219787697e+01
-1.389999999999972857e+01 1.733728714108467273e+01
-1.379999999999972715e+01 1.375596459031105034e+01
-1.369999999999972573e+01 1.046954821348190379e+01
-1.359999999999972431e+01 7.534842002391815008e+00
-1.349999999999972289e+01 6.949805862903595255e+00
-1.339999999999972147e+01 7.403615479767322149e+00
-1.329999999999972005e+01 9.361033818721772093e+00
-1.319999999999971863e+01 1.098269498407840672e+01
-1.309999999999971720e+01 1.289657410025596640e+01
-1.299999999999971578e+01 1.553587320566177432e+01
-1.289999999999971436e+01 1.635030203461646892e+01
-1.279999999999971294e+01 1.557732802689075413e+01
-1.269999999999971152e+01 1.689930295109748926e+01
-1.259999999999971010e+01 1.801205064058303762e+01
-1.249999999999970868e+01 1.534830986618995752e+01
-1.239999999999970726e+01 1.302515136361122217e+01
-1.229999999999970584e+01 1.314746355533599775e+01
-1.219999999999970441e+01 1.520787141203880388e+01
-1.209999999999970299e+01 1.730585162878036343e+01
-1.199999999999970157e+01 1.904024759531021260e+01
-1.189999999999970015e+01 2.039125558495521418e+01
-1.179999999999969873e+01 1.957298908948898486e+01
-1.169999999999969731e+01 1.841054755806922927e+01
-1.159999999999969589e+01 1.879663947224617004e+01
-1.149999999999969447e+01 1.881589486122131305e+01
-1.139999999999969305e+01 2.071250056505203219e+01
-1.129999999999969162e+01 2.379159388780593787e+01
-1.119999999999969020e+01 2.383942085862159743e+01
-1.109999999999968878e+01 2.406492215275764579e+01
-1.099999999999968736e+01 2.557934880137443656e+01
-1.089999999999968594e+01 2.503493174195289583e+01
-1.079999999999968452e+01 2.384653161287307910e+01
-1.069999999999968310e+01 2.483757701873779311e+01
-1.059999999999968168e+01 2.470149596095085087e+01
-1.049999999999968026e+01 2.381867096543312101e+01
-1.039999999999967883e+01 2.432474453926086255e+01
-1.029999999999967741e+01 2.451725522279739522e+01
-1.019999999999967599e+01 2.308032234549522244e+01
-1.009999999999967457e+01 2.352564833760261465e+01
-9.999999999999673150e+00 2.434521263122558565e+01
-9.899999999999671729e+00 2.494082174062728896e+01
-9.799999999999670308e+00 2.750187807917594895e+01
-9.699999999999668887e+00 3.095248628616333164e+01
-9.599999999999667466e+00 3.207130877256393120e+01
-9.499999999999666045e+00 3.185521149396896234e+01
-9.399999999999664624e+00 3.142167655229568624e+01
-9.299999999999663203e+00 2.883277233600616540e+01
-9.199999999999661782e+00 2.639916569948196567e+01
-9.099999999999660361e+00 2.593101645827293567e+01
-8.999999999999658939e+00 2.819043493032455316e+01
-8.899999999999657518e+00 3.040075792312622127e+01
-8.799999999999656097e+00 3.015222108364105225e+01
-8.699999999999654676e+00 2.854057355523109507e+01
-8.599999999999653255e+00 2.456902778267860299e+01
-8.499999999999651834e+00 1.955861953616142301e+01
-8.399999999999650413e+00 1.696815557241439976e+01
-8.299999999999648992e+00 1.612917235553264561e+01
-8.199999999999647571e+00 1.519612300992011988e+01
-8.099999999999646150e+00 1.606444596648216105e+01
-7.999999999999644729e+00 1.737942717909812984e+01
-7.899999999999643308e+00 1.971577998876571769e+01
-7.799999999999641886e+00 2.159434708237647982e+01
-7.699999999999640465e+00 2.537220638275146456e+01
-7.599999999999639044e+00 2.764443572998046861e+01
-7.499999999999637623e+00 2.604158089876175097e+01
-7.399999999999636202e+00 2.284225982069969163e+01
-7.299999999999634781e+00 2.037910930752754268e+01
-7.199999999999633360e+00 1.710357338845729913e+01
-7.099999999999631939e+00 1.491045122683048163e+01
-6.999999999999630518e+00 1.249378181397914922e+01
-6.899999999999629097e+00 1.168100164771080074e+01
-6.799999999999627676e+00 1.122358929812908102e+01
-6.699999999999626255e+00 1.321682099819183343e+01
-6.599999999999624833e+00 1.559687161743640971e+01
-6.499999999999623412e+00 1.822336506247520305e+01
-6.399999999999621991e+00 1.927496559023857259e+01
-6.299999999999620570e+00 1.857183989167213412e+01
-6.199999999999619149e+00 1.685462034046650004e+01
-6.099999999999617728e+00 1.596433200597763147e+01
-5.999999999999616307e+00 1.440060170412063556e+01
-5.899999999999614886e+00 1.269065536439418729e+01
-5.799999999999613465e+00 9.490547415614127402e+00
-5.699999999999612044e+00 7.508207160830497884e+00
-5.599999999999610623e+00 5.617537274956703186e+00
-5.499999999999609201e+00 4.852368294447660269e+00
-5.399999999999607780e+00 4.436352260261774205e+00
-5.299999999999606359e+00 3.758885238990187450e+00
-5.199999999999604938e+00 4.192171953171492049e+00
-5.099999999999603517e+00 4.644305124729871892e+00
-4.999999999999602096e+00 6.503775208890438364e+00
-4.899999999999600675e+00 8.683763498663902070e+00
-4.799999999999599254e+00 9.585745634734630372e+00
-4.699999999999597833e+00 8.587595743238926715e+00
-4.599999999999596412e+00 9.283127135932446095e+00
-4.499999999999594991e+00 9.877399181127548999e+00
-4.399999999999593570e+00 6.673777469098568282e+00
-4.299999999999592148e+00 3.461809292286634587e+00
-4.199999999999590727e+00 3.716577512472868161e+00
-4.099999999999589306e+00 2.393969932682812107e+00
-3.999999999999587885e+00 1.135224584471434373e+00
-3.899999999999586464e+00 7.406439953856169822e-01
-3.799999999999585043e+00 5.526638312730938196e-01
-3.699999999999583622e+00 2.735127076774370170e-01
-3.599999999999582201e+00 2.524578235403168724e-01
-3.499999999999580780e+00 2.541699754260480226e-01
-3.399999999999579359e+00 1.803467819700017571e-01
-3.299999999999577938e+00 1.165729789374745501e-01
-3.199999999999576517e+00 7.841711478278740044e-02
-3.099999999999575095e+00 5.772938601985515283e-02
-2.999999999999573674e+00 1.650221064008474126e-01
-2.899999999999572253e+00 3.513984914985485153e-01
-2.799999999999570832e+00 2.512704408976423887e-01
-2.699999999999569411e+00 4.692190715821925595e-01
-2.599999999999567990e+00 9.228952652215958175e-01
-2.499999999999566569e+00 6.411980972858145611e-01
-2.399999999999565148e+00 5.181028778251492994e-01
-2.299999999999563727e+00 6.546798235102323504e-01
-2.199999999999562306e+00 9.573297971487044755e-01
-2.099999999999560885e+00 1.417126836702227610e+00
-1.999999999999559464e+00 1.388114104568958229e+00
-1.899999999999558042e+00 2.323964285701513255e+00
-1.799999999999556621e+00 3.569636906534433329e+00
-1.699999999999555200e+00 3.576367890089750201e+00
-1.599999999999553779e+00 4.504100573807955143e+00
-1.499999999999552358e+00 5.344784851372241796e+00
-1.399999999999550937e+00 5.754449153542518403e+00
-1.299999999999549516e+00 6.534017901122569860e+00
-1.199999999999548095e+00 7.631780185997485866e+00
-1.099999999999546674e+00 7.923563482761383447e+00
-9.999999999995452526e-01 9.379417962431908506e+00
-8.999999999995438316e-01 1.095331562578678053e+01
-7.999999999995424105e-01 1.279996635973453500e+01
-6.999999999995409894e-01 1.441127337574958744e+01
-5.999999999995395683e-01 1.619354813575744600e+01
-4.999999999995381472e-01 1.837233703851699929e+01
-3.999999999995367261e-01 2.006705465197563143e+01
-2.999999999995353051e-01 2.084656049251556453e+01
-1.999999999995338840e-01 2.292645086526870557e+01
-9.999999999953246288e-02 2.272185482382774424e+01
4.689582056016661227e-13 2.349729879975318880e+01
1.000000000004703793e-01 2.275762617588043213e+01
2.000000000004718004e-01 2.060452914834022664e+01
3.000000000004732215e-01 1.994210705161094666e+01
4.000000000004746425e-01 2.088246278047561688e+01
5.000000000004760636e-01 2.300578054428100572e+01
6.000000000004774847e-01 2.503343917489051762e+01
7.000000000004789058e-01 2.389500878453254629e+01
8.000000000004803269e-01 2.263322302341461167e+01
9.000000000004817480e-01 2.293785925865173425e+01
1.000000000000483169e+00 2.420212750196456852e+01
