-3.300000000000000000e+01 2.910029195481911215e-04
-3.289999999999999858e+01 0.000000000000000000e+00
-3.279999999999999716e+01 1.355855861538657304e-04
-3.269999999999999574e+01 3.759632685250835623e-04
-3.259999999999999432e+01 1.968193781794980125e-04
-3.249999999999999289e+01 4.017347449553199243e-04
-3.239999999999999147e+01 1.210233439633157121e-04
-3.229999999999999005e+01 0.000000000000000000e+00
-3.219999999999998863e+01 0.000000000000000000e+00
-3.209999999999998721e+01 0.000000000000000000e+00
-3.199999999999998579e+01 7.566555499579408802e-05
-3.189999999999998437e+01 1.735827621450880673e-04
-3.179999999999998295e+01 3.737507169716991647e-05
-3.169999999999998153e+01 0.000000000000000000e+00
-3.159999999999998010e+01 0.000000000000000000e+00
-3.149999999999997868e+01 0.000000000000000000e+00
-3.139999999999997726e+01 0.000000000000000000e+00
-3.129999999999997584e+01 0.000000000000000000e+00
-3.119999999999997442e+01 0.000000000000000000e+00
-3.109999999999997300e+01 0.000000000000000000e+00
-3.099999999999997158e+01 1.155863050371408517e-05
-3.089999999999997016e+01 2.116348827257752540e-05
-3.079999999999996874e+01 5.404740222729742290e-06
-3.069999999999996732e+01 0.000000000000000000e+00
-3.059999999999996589e+01 4.827134151128120829e-05
-3.049999999999996447e+01 1.177246402949094729e-04
-3.039999999999996305e+01 2.438711846480146078e-05
-3.029999999999996163e+01 0.000000000000000000e+00
-3.019999999999996021e+01 2.451272390317171893e-05
-3.009999999999995879e+01 6.542180897668004686e-05
-2.999999999999995737e+01 1.319208793574944145e-05
-2.989999999999995595e+01 0.000000000000000000e+00
-2.979999999999995453e+01 3.442952991463243663e-05
-2.969999999999995310e+01 1.463298973976634508e-04
-2.959999999999995168e+01 1.705680135637521831e-04
-2.949999999999995026e+01 2.766760118538514018e-04
-2.939999999999994884e+01 8.053007629205239173e-03
-2.929999999999994742e+01 1.967850492044817545e-02
-2.919999999999994600e+01 7.361320506824995356e-03
-2.909999999999994458e+01 4.720281330810393943e-04
-2.899999999999994316e+01 1.259738450171426008e-03
-2.889999999999994174e+01 4.486497616017004540e-04
-2.879999999999994031e+01 1.669879630208015366e-04
-2.869999999999993889e+01 4.360971995629370126e-04
-2.859999999999993747e+01 3.392113675363361792e-04
-2.849999999999993605e+01 5.732801102567464005e-05
-2.839999999999993463e+01 1.661332134244730577e-04
-2.829999999999993321e+01 4.728158097714185585e-04
-2.819999999999993179e+01 3.068367603002115918e-02
-2.809999999999993037e+01 7.500946529209613634e-02
-2.799999999999992895e+01 3.043597867945209076e-02
-2.789999999999992752e+01 5.853905299678444779e-02
-2.779999999999992610e+01 1.291046374663710472e-01
-2.769999999999992468e+01 6.814612579531967307e-02
-2.759999999999992326e+01 3.243051722820382374e-03
-2.749999999999992184e+01 9.798713726922869411e-05
-2.739999999999992042e+01 1.889241335447877659e-05
-2.729999999999991900e+01 0.000000000000000000e+00
-2.719999999999991758e+01 0.000000000000000000e+00
-2.709999999999991616e+01 8.970803814008832574e-05
-2.699999999999991473e+01 2.146627893671393470e-04
-2.689999999999991331e+01 1.666406385083973765e-04
-2.679999999999991189e+01 2.591733232839033029e-04
-2.669999999999991047e+01 1.442934984697785651e-04
-2.659999999999990905e+01 1.939363422570750247e-04
-2.649999999999990763e+01 3.742810033145360947e-05
-2.639999999999990621e+01 4.004075517877936558e-04
-2.629999999999990479e+01 1.045151875005103552e-03
-2.619999999999990337e+01 3.925626247655600331e-04
-2.609999999999990195e+01 0.000000000000000000e+00
-2.599999999999990052e+01 1.985472244676202494e-02
-2.589999999999989910e+01 4.194875705885351552e-02
-2.579999999999989768e+01 2.057538794819265687e-02
-2.569999999999989626e+01 9.019098244607448741e-05
-2.559999999999989484e+01 5.154800601303577423e-05
-2.549999999999989342e+01 1.739743622601963666e-04
-2.539999999999989200e+01 2.237894089194014679e-04
-2.529999999999989058e+01 3.909136075526475711e-04
-2.519999999999988916e+01 1.893180550541728692e-04
-2.509999999999988773e+01 7.489618496038019169e-05
-2.499999999999988631e+01 1.529870598460547518e-04
-2.489999999999988489e+01 1.909925322979688764e-04
-2.479999999999988347e+01 3.218863159418105971e-05
-2.469999999999988205e+01 0.000000000000000000e+00
-2.459999999999988063e+01 0.000000000000000000e+00
-2.449999999999987921e+01 0.000000000000000000e+00
-2.439999999999987779e+01 0.000000000000000000e+00
-2.429999999999987637e+01 0.000000000000000000e+00
-2.419999999999987494e+01 0.000000000000000000e+00
-2.409999999999987352e+01 0.000000000000000000e+00
-2.399999999999987210e+01 2.080477075651287978e-04
-2.389999999999987068e+01 4.848062060773372759e-04
-2.379999999999986926e+01 2.341124700615182443e-04
-2.369999999999986784e+01 4.321161317056976389e-04
-2.359999999999986642e+01 1.072786511431331798e-03
-2.349999999999986500e+01 3.102963890705723077e-04
-2.339999999999986358e+01 4.002347601199289853e-03
-2.329999999999986215e+01 9.686752190755215305e-03
-2.319999999999986073e+01 3.945304077205946669e-03
-2.309999999999985931e+01 2.126107507268898064e-02
-2.299999999999985789e+01 4.867610008193878207e-02
-2.289999999999985647e+01 2.119719317648559656e-02
-2.279999999999985505e+01 1.109199100756086366e-04
-2.269999999999985363e+01 2.278957364615052906e-04
-2.259999999999985221e+01 8.266221579106058709e-05
-2.249999999999985079e+01 0.000000000000000000e+00
-2.239999999999984936e+01 9.755227270361502279e-03
-2.229999999999984794e+01 2.273110184203687781e-02
-2.219999999999984652e+01 9.817726420587860256e-03
-2.209999999999984510e+01 3.607203159481286916e-04
-2.199999999999984368e+01 1.568941259756684336e-04
-2.189999999999984226e+01 0.000000000000000000e+00
-2.179999999999984084e+01 0.000000000000000000e+00
-2.169999999999983942e+01 0.000000000000000000e+00
-2.159999999999983800e+01 0.000000000000000000e+00
-2.149999999999983658e+01 0.000000000000000000e+00
-2.139999999999983515e+01 0.000000000000000000e+00
-2.129999999999983373e+01 0.000000000000000000e+00
-2.119999999999983231e+01 1.306469372939318523e-03
-2.109999999999983089e+01 3.046462094353046424e-03
-2.099999999999982947e+01 6.935695993015542592e-03
-2.089999999999982805e+01 1.601191492401994598e-02
-2.079999999999982663e+01 2.340160679596010526e-02
-2.069999999999982521e+01 1.098542331811040579e-01
-2.059999999999982379e+01 2.411958643421530657e-01
-2.049999999999982236e+01 4.063220283016562573e-01
-2.039999999999982094e+01 7.449087394773959980e-01
-2.029999999999981952e+01 1.143677869141101811e+00
-2.019999999999981810e+01 1.616557723581790951e+00
-2.009999999999981668e+01 1.951869739294052053e+00
-1.999999999999981526e+01 2.071928476095199478e+00
-1.989999999999981384e+01 2.086671688556671178e+00
-1.979999999999981242e+01 1.893870681524276733e+00
-1.969999999999981100e+01 1.730240589380264371e+00
-1.959999999999980957e+01 1.549897965788841203e+00
-1.949999999999980815e+01 1.372558635771274460e+00
-1.939999999999980673e+01 1.172341940402984672e+00
-1.929999999999980531e+01 1.012008302807807958e+00
-1.919999999999980389e+01 8.377082718908787085e-01
-1.909999999999980247e+01 8.731997707486152116e-01
-1.899999999999980105e+01 9.294580247998237565e-01
-1.889999999999979963e+01 1.018832746446132642e+00
-1.879999999999979821e+01 1.043219395279884276e+00
-1.869999999999979678e+01 9.237324084341526076e-01
-1.859999999999979536e+01 8.577294498682022095e-01
-1.849999999999979394e+01 8.951715342700481415e-01
-1.839999999999979252e+01 9.202159497141838562e-01
-1.829999999999979110e+01 8.232147641479968803e-01
-1.819999999999978968e+01 8.145887625217437256e-01
-1.809999999999978826e+01 7.180034203827381223e-01
-1.799999999999978684e+01 6.401731064915656688e-01
-1.789999999999978542e+01 7.741481472551822174e-01
-1.779999999999978400e+01 7.896402458846568662e-01
-1.769999999999978257e+01 7.575344909727573794e-01
-1.759999999999978115e+01 6.766880719363689289e-01
-1.749999999999977973e+01 5.462017855793237509e-01
-1.739999999999977831e+01 4.777461782097816578e-01
-1.729999999999977689e+01 5.589155895262956086e-01
-1.719999999999977547e+01 6.898291803896426932e-01
-1.709999999999977405e+01 7.469799412786960469e-01
-1.699999999999977263e+01 6.789172312617302030e-01
-1.689999999999977121e+01 6.392524892091751010e-01
-1.679999999999976978e+01 6.764234952628612740e-01
-1.669999999999976836e+01 6.778344891965388808e-01
-1.659999999999976694e+01 5.644168916344642906e-01
-1.649999999999976552e+01 4.851463642716407620e-01
-1.639999999999976410e+01 5.373275477439165559e-01
-1.629999999999976268e+01 4.760937208682298749e-01
-1.619999999999976126e+01 3.972982069104910030e-01
-1.609999999999975984e+01 3.754487360268831120e-01
-1.599999999999975842e+01 3.839536304399371325e-01
-1.589999999999975699e+01 4.354308416694402939e-01
-1.579999999999975557e+01 4.162767250835895383e-01
-1.569999999999975415e+01 4.884811238944530287e-01
-1.559999999999975273e+01 6.648023629188537509e-01
-1.549999999999975131e+01 7.676389548182487310e-01
-1.539999999999974989e+01 6.788261063396930917e-01
-1.529999999999974847e+01 6.627653159201145616e-01
-1.519999999999974705e+01 5.406514851003885180e-01
-1.509999999999974563e+01 5.524891088157892760e-01
-1.499999999999974420e+01 6.386425298452377275e-01
-1.489999999999974278e+01 8.493914003670215429e-01
-1.479999999999974136e+01 9.602402070164680614e-01
-1.469999999999973994e+01 1.242966156899929064e+00
-1.459999999999973852e+01 1.403574474155902863e+00
-1.449999999999973710e+01 2.056644660830497795e+00
-1.439999999999973568e+01 2.874539287090301709e+00
-1.429999999999973426e+01 3.675194746255874723e+00
-1.419999999999973284e+01 4.281593159437179885e+00
-1.409999999999973141e+01 4.470480980873108301e+00
-1.399999999999972999e+01 3.847430005073547488e+00
-1.389999999999972857e+01 2.933746747970581215e+00
-1.379999999999972715e+01 2.014887025058269554e+00
-1.369999999999972573e+01 1.307061269581317964e+00
-1.359999999999972431e+01 8.450371420383453458e-01
-1.349999999999972289e+01 4.737732524424791425e-01
-1.339999999999972147e+01 2.838570513390004657e-01
-1.329999999999972005e+01 1.625069867237471100e-01
-1.319999999999971863e+01 9.332585726107936464e-02
-1.309999999999971720e+01 3.956362394026655127e-02
-1.299999999999971578e+01 3.115001759950246363e-02
-1.289999999999971436e+01 2.487833638528172756e-02
-1.279999999999971294e+01 3.026440815796377012e-02
-1.269999999999971152e+01 1.598458663663222812e-02
-1.259999999999971010e+01 3.045018883558441285e-03
-1.249999999999970868e+01 2.888827446440700442e-03
-1.239999999999970726e+01 4.366583617320429420e-03
-1.229999999999970584e+01 1.665982899270602655e-02
-1.219999999999970441e+01 8.158931347774341092e-02
-1.209999999999970299e+01 2.141674863919615646e-01
-1.199999999999970157e+01 6.241438825428485826e-01
-1.189999999999970015e+01 1.137279719263315281e+00
-1.179999999999969873e+01 1.634571087062358874e+00
-1.169999999999969731e+01 1.825432907044887587e+00
-1.159999999999969589e+01 1.957726712822914106e+00
-1.149999999999969447e+01 1.969731670618057207e+00
-1.139999999999969305e+01 1.802244839072227434e+00
-1.129999999999969162e+01 1.726932960748672530e+00
-1.119999999999969020e+01 1.658513596057891837e+00
-1.109999999999968878e+01 1.737212933599948883e+00
-1.099999999999968736e+01 1.885319074988365262e+00
-1.089999999999968594e+01 2.170025360584259211e+00
-1.079999999999968452e+01 2.377945300340652324e+00
-1.069999999999968310e+01 2.921753050088882642e+00
-1.059999999999968168e+01 3.199948904514312797e+00
-1.049999999999968026e+01 3.383940258622169406e+00
-1.039999999999967883e+01 3.331737763881683190e+00
-1.029999999999967741e+01 3.380046622753143382e+00
-1.019999999999967599e+01 3.158511375188827408e+00
-1.009999999999967457e+01 2.898019614815711797e+00
-9.999999999999673150e+00 2.575460616946220416e+00
-9.899999999999671729e+00 2.295181496143340993e+00
-9.799999999999670308e+00 2.048539726138114858e+00
-9.699999999999668887e+00 1.991065911054611171e+00
-9.599999999999667466e+00 2.100217346549034136e+00
-9.499999999999666045e+00 2.290617097020149373e+00
-9.399999999999664624e+00 2.539288061857223333e+00
-9.299999999999663203e+00 2.514525505900382818e+00
-9.199999999999661782e+00 2.595551730394363599e+00
-9.099999999999660361e+00 2.564011012315750015e+00
-8.999999999999658939e+00 2.367498663067817866e+00
-8.899999999999657518e+00 2.248036533594131470e+00
-8.799999999999656097e+00 2.471489624977111887e+00
-8.699999999999654676e+00 2.768278820514678884e+00
-8.599999999999653255e+00 3.077099635004997058e+00
-8.499999999999651834e+00 3.360271931290626402e+00
-8.399999999999650413e+00 3.541428426504134919e+00
-8.299999999999648992e+00 3.668899168968200897e+00
-8.199999999999647571e+00 3.645484891533851801e+00
-8.099999999999646150e+00 3.800500674247741628e+00
-7.999999999999644729e+00 4.036443825960159160e+00
-7.899999999999643308e+00 4.392530415058136128e+00
-7.799999999999641886e+00 4.915511394739151108e+00
-7.699999999999640465e+00 5.356418266296386399e+00
-7.599999999999639044e+00 5.615181523561477483e+00
-7.499999999999637623e+00 5.760011576414107992e+00
-7.399999999999636202e+00 5.573559837341308665e+00
-7.299999999999634781e+00 5.321032111644744766e+00
-7.199999999999633360e+00 4.905109426975250209e+00
-7.099999999999631939e+00 4.174174858331680227e+00
-6.999999999999630518e+00 3.342594975829124238e+00
-6.899999999999629097e+00 2.503610921502113396e+00
-6.799999999999627676e+00 1.665093057453632452e+00
-6.699999999999626255e+00 1.089462312161922464e+00
-6.599999999999624833e+00 7.690850548446178658e-01
-6.499999999999623412e+00 6.063166619092226206e-01
-6.399999999999621991e+00 4.444271843880415185e-01
-6.299999999999620570e+00 3.165195180103183015e-01
-6.199999999999619149e+00 1.494191107491497084e-01
-6.099999999999617728e+00 1.155397797557452533e-01
-5.999999999999616307e+00 4.816230791926500582e-02
-5.899999999999614886e+00 2.731684910491822063e-02
-5.799999999999613465e+00 1.172120568622631205e-02
-5.699999999999612044e+00 1.851005192147567790e-03
-5.599999999999610623e+00 1.084590191021561709e-03
-5.499999999999609201e+00 4.945541040797252208e-04
-5.399999999999607780e+00 6.283694773446768479e-04
-5.299999999999606359e+00 2.075612153566908005e-04
-5.199999999999604938e+00 5.296467075822874849e-05
-5.099999999999603517e+00 1.943164139811415312e-03
-4.999999999999602096e+00 4.337611023474892066e-03
-4.899999999999600675e+00 1.911970237561035979e-03
-4.799999999999599254e+00 2.890430297702551127e-04
-4.699999999999597833e+00 1.089881764091842325e-03
-4.599999999999596412e+00 1.461234652670100314e-03
-4.499999999999594991e+00 5.332568916128365864e-04
-4.399999999999593570e+00 7.261366490274668087e-04
-4.299999999999592148e+00 1.467428337782621323e-03
-4.199999999999590727e+00 9.249206318054348751e-04
-4.099999999999589306e+00 7.794085209025069898e-04
-3.999999999999587885e+00 6.408793604350648387e-04
-3.899999999999586464e+00 1.269305973000882642e-03
-3.799999999999585043e+00 2.528475594917835995e-03
-3.699999999999583622e+00 1.012863871364970761e-03
-3.599999999999582201e+00 1.061800197494449077e-03
-3.499999999999580780e+00 3.788020856572984433e-03
-3.399999999999579359e+00 1.040482334319676669e-03
-3.299999999999577938e+00 0.000000000000000000e+00
-3.199999999999576517e+00 0.000000000000000000e+00
-3.099999999999575095e+00 0.000000000000000000e+00
-2.999999999999573674e+00 1.138509948214050388e-04
-2.899999999999572253e+00 2.756899001542478756e-04
-2.799999999999570832e+00 1.050172843679320078e-04
-2.699999999999569411e+00 9.786003269255161611e-05
-2.599999999999567990e+00 2.318497141823172439e-04
-2.499999999999566569e+00 9.647125611081719724e-05
-2.399999999999565148e+00 0.000000000000000000e+00
-2.299999999999563727e+00 0.000000000000000000e+00
-2.199999999999562306e+00 0.000000000000000000e+00
-2.099999999999560885e+00 6.744841350337083246e-04
-1.999999999999559464e+00 1.333805314789060460e-03
-1.899999999999558042e+00 6.956767849624157039e-04
-1.799999999999556621e+00 4.530538630206137814e-05
-1.699999999999555200e+00 2.035842235272866674e-04
-1.599999999999553779e+00 8.613046113168821172e-04
-1.499999999999552358e+00 1.465844549020403143e-03
-1.399999999999550937e+00 1.908310317739960729e-03
-1.299999999999549516e+00 3.569513978909526642e-03
-1.199999999999548095e+00 1.049005151916389961e-02
-1.099999999999546674e+00 2.111728886090077223e-02
-9.999999999995452526e-01 2.505357106402516520e-01
-8.999999999995438316e-01 5.176569188386201947e-01
-7.999999999995424105e-01 1.158835873603820898e+00
-6.999999999995409894e-01 1.985664553642273011e+00
-5.999999999995395683e-01 2.828714965581893725e+00
-4.999999999995381472e-01 3.590875031948089546e+00
-3.999999999995367261e-01 4.505082600116729452e+00
-2.999999999995353051e-01 5.003347928524017441e+00
-1.999999999995338840e-01 5.614905502796172954e+00
-9.999999999953246288e-02 5.719252367019652894e+00
4.689582056016661227e-13 5.642769881486892736e+00
1.000000000004703793e-01 5.783745135068893539e+00
2.000000000004718004e-01 6.039316996335982957e+00
3.000000000004732215e-01 6.469423645734787343e+00
4.000000000004746425e-01 6.693658132553100160e+00
5.000000000004760636e-01 6.410341676473617412e+00
6.000000000004774847e-01 6.572090245485306070e+00
7.000000000004789058e-01 7.175605731010437083e+00
8.000000000004803269e-01 8.093175623416900777e+00
9.000000000004817480e-01 9.253741879463195374e+00
1.000000000000483169e+00 9.672409529685973339e+00
