4.084784030914306641e+00
4.010900974273681641e+00
3.797290086746215820e+00
3.972743749618530273e+00
4.077533721923828125e+00
4.145862102508544922e+00
4.000000000000000000e+00
4.146448612213134766e+00
4.048031806945800781e+00
3.978811740875244141e+00
3.755290746688842773e+00
3.986978530883789062e+00
4.086519718170166016e+00
4.152439594268798828e+00
4.019123554229736328e+00
4.152590274810791016e+00
4.078491687774658203e+00
4.055884838104248047e+00
3.755804777145385742e+00
4.006381988525390625e+00
4.091059684753417969e+00
4.161409378051757812e+00
4.076308727264404297e+00
4.137408733367919922e+00
4.128561496734619141e+00
4.049061775207519531e+00
3.739129066467285156e+00
3.987681865692138672e+00
4.055406093597412109e+00
4.132727146148681641e+00
4.021185874938964844e+00
4.146161556243896484e+00
