4.056039810180664062e+00
4.048171520233154297e+00
3.990293741226196289e+00
3.979910612106323242e+00
4.167790889739990234e+00
4.173235416412353516e+00
3.536505699157714844e+00
3.829499959945678711e+00
4.073551177978515625e+00
4.071100711822509766e+00
3.969765424728393555e+00
3.979870319366455078e+00
4.135722160339355469e+00
4.137660026550292969e+00
3.829571723937988281e+00
3.929731130599975586e+00
4.072402954101562500e+00
4.076475143432617188e+00
3.956047773361206055e+00
3.981062650680541992e+00
4.158432960510253906e+00
4.119490146636962891e+00
3.871617078781127930e+00
3.832444429397583008e+00
4.082726955413818359e+00
4.062888622283935547e+00
3.971801519393920898e+00
4.009720325469970703e+00
4.121621608734130859e+00
4.130154609680175781e+00
3.565233945846557617e+00
3.820387840270996094e+00
