4.078009605407714844e+00
4.078391551971435547e+00
4.013267517089843750e+00
4.003317832946777344e+00
4.072458744049072266e+00
4.081060886383056641e+00
4.073840141296386719e+00
4.074772834777832031e+00
4.059680938720703125e+00
4.064986228942871094e+00
3.995008945465087891e+00
4.010805130004882812e+00
4.082810878753662109e+00
4.081210136413574219e+00
4.073451042175292969e+00
4.063275337219238281e+00
4.057323455810546875e+00
4.069445610046386719e+00
4.066794395446777344e+00
4.068488597869873047e+00
4.077129364013671875e+00
4.058699131011962891e+00
4.067836284637451172e+00
4.081007957458496094e+00
4.003221511840820312e+00
4.013361454010009766e+00
4.076771259307861328e+00
4.072709083557128906e+00
4.051552295684814453e+00
4.056751728057861328e+00
4.072213172912597656e+00
4.081253528594970703e+00
4.009831428527832031e+00
4.016700744628906250e+00
4.081648826599121094e+00
4.080817222595214844e+00
4.063652992248535156e+00
4.060767173767089844e+00
4.049674987792968750e+00
4.062891960144042969e+00
4.050111293792724609e+00
4.065064907073974609e+00
4.068659782409667969e+00
4.080817699432373047e+00
