4.076078891754150391e+00
4.074968814849853516e+00
4.022409915924072266e+00
4.040573596954345703e+00
4.006536006927490234e+00
4.040923118591308594e+00
4.063410758972167969e+00
4.101161956787109375e+00
4.073637962341308594e+00
4.038004875183105469e+00
4.076078414916992188e+00
4.074965476989746094e+00
4.022408008575439453e+00
4.040573120117187500e+00
4.006536960601806641e+00
4.040894031524658203e+00
4.063407897949218750e+00
4.101163864135742188e+00
4.073799133300781250e+00
4.038037300109863281e+00
4.076077938079833984e+00
4.074970722198486328e+00
4.022405147552490234e+00
4.040575981140136719e+00
4.006536483764648438e+00
4.040919780731201172e+00
4.063407897949218750e+00
4.101163387298583984e+00
4.073865890502929688e+00
4.038009643554687500e+00
4.076076030731201172e+00
4.074973106384277344e+00
4.022405624389648438e+00
4.040574073791503906e+00
4.006536483764648438e+00
4.040875434875488281e+00
4.063408851623535156e+00
4.101163864135742188e+00
4.072142124176025391e+00
4.038025379180908203e+00
