4.064531803131103516e+00
4.068685054779052734e+00
4.022973060607910156e+00
4.030195236206054688e+00
3.986502885818481445e+00
3.977363109588623047e+00
4.021474361419677734e+00
4.021038055419921875e+00
4.022116184234619141e+00
4.020818710327148438e+00
3.979249477386474609e+00
3.986155509948730469e+00
4.079726219177246094e+00
4.075386047363281250e+00
4.066605567932128906e+00
4.050442218780517578e+00
4.064821720123291016e+00
4.065176963806152344e+00
4.058325290679931641e+00
4.067009449005126953e+00
4.061059474945068359e+00
4.063634872436523438e+00
4.073563575744628906e+00
4.068607807159423828e+00
4.071003437042236328e+00
4.074684619903564453e+00
4.074476718902587891e+00
4.068418502807617188e+00
4.086703777313232422e+00
4.063319206237792969e+00
4.069535732269287109e+00
4.074023246765136719e+00
4.067978382110595703e+00
4.067995071411132812e+00
4.055851936340332031e+00
4.070295810699462891e+00
4.049670219421386719e+00
4.074242591857910156e+00
4.066284179687500000e+00
4.069202899932861328e+00
4.071765422821044922e+00
4.071657180786132812e+00
4.140107154846191406e+00
4.143102169036865234e+00
4.027365207672119141e+00
4.024156093597412109e+00
4.019494056701660156e+00
4.021355628967285156e+00
4.076998710632324219e+00
4.082128524780273438e+00
4.013260841369628906e+00
4.024052619934082031e+00
3.977706909179687500e+00
3.978874683380126953e+00
4.014592647552490234e+00
4.021811008453369141e+00
4.024825096130371094e+00
4.018631935119628906e+00
3.980093955993652344e+00
3.979238748550415039e+00
4.066880226135253906e+00
4.076042652130126953e+00
4.069632530212402344e+00
4.065767288208007812e+00
4.079736232757568359e+00
4.068414688110351562e+00
4.068579196929931641e+00
4.075107097625732422e+00
4.077788352966308594e+00
4.076617240905761719e+00
4.086091041564941406e+00
4.065037250518798828e+00
4.069449424743652344e+00
4.056341171264648438e+00
4.060560703277587891e+00
4.071190834045410156e+00
4.075425148010253906e+00
4.083647727966308594e+00
4.086346626281738281e+00
4.073805809020996094e+00
4.078811168670654297e+00
4.068091392517089844e+00
4.069874763488769531e+00
4.064198970794677734e+00
4.066583633422851562e+00
4.064734935760498047e+00
4.057608604431152344e+00
4.075233936309814453e+00
4.069461822509765625e+00
4.069053649902343750e+00
4.145586013793945312e+00
4.146323204040527344e+00
4.019755840301513672e+00
4.020319938659667969e+00
4.020305633544921875e+00
4.022969245910644531e+00
