-3.300000000000000000e+01 1.977034683385864022e-01
-3.289999999999999858e+01 8.811293938755988542e-01
-3.279999999999999716e+01 1.502928442582488033e+00
-3.269999999999999574e+01 7.184953119233250529e-01
-3.259999999999999432e+01 1.417983028315938920e-01
-3.249999999999999289e+01 2.182219394296407711e-01
-3.239999999999999147e+01 1.389076851680874913e-01
-3.229999999999999005e+01 4.947282857143363993e-02
-3.219999999999998863e+01 4.189149964375246671e-02
-3.209999999999998721e+01 3.836358820270106829e-02
-3.199999999999998579e+01 1.303029331332072605e-01
-3.189999999999998437e+01 2.932504229806363605e-01
-3.179999999999998295e+01 2.074372037593275320e-01
-3.169999999999998153e+01 2.304052799055352763e-01
-3.159999999999998010e+01 3.258221621438860960e-01
-3.149999999999997868e+01 5.012882560770958174e-01
-3.139999999999997726e+01 3.598703632224350968e-01
-3.129999999999997584e+01 2.996874552220106236e-01
-3.119999999999997442e+01 5.253653061203658048e-01
-3.109999999999997300e+01 8.096243260428309663e-01
-3.099999999999997158e+01 3.648317995853722073e-01
-3.089999999999997016e+01 2.742136679553766609e-02
-3.079999999999996874e+01 1.199015036248283692e-02
-3.069999999999996732e+01 1.792864223246518063e-02
-3.059999999999996589e+01 1.381645061634481086e-01
-3.049999999999996447e+01 2.539403571933507853e-01
-3.039999999999996305e+01 1.318809830327518362e-01
-3.029999999999996163e+01 6.424471203441499412e-02
-3.019999999999996021e+01 1.223219499073456978e-01
-3.009999999999995879e+01 1.419925428077112861e-01
-2.999999999999995737e+01 7.227892802387941851e-02
-2.989999999999995595e+01 2.117111631995066967e-01
-2.979999999999995453e+01 4.303432471584528463e-01
-2.969999999999995310e+01 3.469572872621938808e-01
-2.959999999999995168e+01 9.545975448680110720e-02
-2.949999999999995026e+01 8.899555504904128889e-02
-2.939999999999994884e+01 1.617763475555693831e-01
-2.929999999999994742e+01 1.004481815930921562e-01
-2.919999999999994600e+01 5.328361372392464296e-02
-2.909999999999994458e+01 5.334582571711507515e-02
-2.899999999999994316e+01 6.108034044780651789e-02
-2.889999999999994174e+01 8.436235485078213969e-02
-2.879999999999994031e+01 8.117546567926182954e-02
-2.869999999999993889e+01 1.307525763451121703e-01
-2.859999999999993747e+01 2.886817703535780044e-01
-2.849999999999993605e+01 3.640212444961071214e-01
-2.839999999999993463e+01 2.401644023577682585e-01
-2.829999999999993321e+01 9.395555773859541604e-02
-2.819999999999993179e+01 1.807849039696156901e-01
-2.809999999999993037e+01 3.706647682655602738e-01
-2.799999999999992895e+01 2.534146182355471177e-01
-2.789999999999992752e+01 2.062712888093665153e-01
-2.779999999999992610e+01 2.005848194967256859e-01
-2.769999999999992468e+01 9.878787482564803379e-02
-2.759999999999992326e+01 7.573807327338727413e-02
-2.749999999999992184e+01 1.133630370923492531e-01
-2.739999999999992042e+01 5.774133858387358459e-02
-2.729999999999991900e+01 5.564743182483652961e-02
-2.719999999999991758e+01 3.006794755114242657e-01
-2.709999999999991616e+01 4.820745600014925136e-01
-2.699999999999991473e+01 2.269063231581822104e-01
-2.689999999999991331e+01 4.018159494700739715e-02
-2.679999999999991189e+01 5.134614284594135603e-02
-2.669999999999991047e+01 1.274519552600850147e-01
-2.659999999999990905e+01 1.468789429831122151e-01
-2.649999999999990763e+01 6.000272291472356218e-02
-2.639999999999990621e+01 1.205413120577577546e-01
-2.629999999999990479e+01 2.615466847782954574e-01
-2.619999999999990337e+01 1.982950808090390704e-01
-2.609999999999990195e+01 1.848069641039728483e-01
-2.599999999999990052e+01 8.870315771084279211e-02
-2.589999999999989910e+01 6.216173131942923785e-02
-2.579999999999989768e+01 1.414886277710320495e-01
-2.569999999999989626e+01 1.754125631181523148e-01
-2.559999999999989484e+01 2.493211073620477669e-01
-2.549999999999989342e+01 1.683274579138378524e-01
-2.539999999999989200e+01 6.481965843711805231e-02
-2.529999999999989058e+01 1.247446541946555937e-01
-2.519999999999988916e+01 1.576201489620143448e-01
-2.509999999999988773e+01 8.278776590188499651e-02
-2.499999999999988631e+01 6.774762388464296292e-02
-2.489999999999988489e+01 2.086314515327103436e-01
-2.479999999999988347e+01 2.855134951765648799e-01
-2.469999999999988205e+01 1.411216926528141014e-01
-2.459999999999988063e+01 2.526564541412517628e-01
-2.449999999999987921e+01 4.919279982615262226e-01
-2.439999999999987779e+01 2.620650250976905293e-01
-2.429999999999987637e+01 3.437596689059319033e-02
-2.419999999999987494e+01 4.154229359258351795e-02
-2.409999999999987352e+01 2.527897110907361133e-01
-2.399999999999987210e+01 4.767458084318786926e-01
-2.389999999999987068e+01 3.590473788417875567e-01
-2.379999999999986926e+01 2.266182188969105560e-01
-2.369999999999986784e+01 1.132174027053406418e-01
-2.359999999999986642e+01 4.273443781316018514e-02
-2.349999999999986500e+01 4.089043510720330454e-02
-2.339999999999986358e+01 1.074492573295719872e-01
-2.329999999999986215e+01 1.638246546499431133e-01
-2.319999999999986073e+01 9.039247717824765160e-02
-2.309999999999985931e+01 6.389260067342561467e-02
-2.299999999999985789e+01 1.222037956961685295e-01
-2.289999999999985647e+01 1.160127736431604689e-01
-2.279999999999985505e+01 6.255899939729715753e-02
-2.269999999999985363e+01 5.988459510699613297e-02
-2.259999999999985221e+01 3.643846349586965516e-02
-2.249999999999985079e+01 2.510387534141955354e-02
-2.239999999999984936e+01 2.735743826450857258e-02
-2.229999999999984794e+01 4.297832660795393445e-02
-2.219999999999984652e+01 3.808260753001377341e-02
-2.209999999999984510e+01 5.933421244786586668e-02
-2.199999999999984368e+01 1.107017219356930537e-01
-2.189999999999984226e+01 1.502827696935855883e-01
-2.179999999999984084e+01 4.140345251280814209e-01
-2.169999999999983942e+01 8.218358830921351776e-01
-2.159999999999983800e+01 2.110939886793494313e+00
-2.149999999999983658e+01 3.766294310390949196e+00
-2.139999999999983515e+01 6.285700672566890468e+00
-2.129999999999983373e+01 9.224829249680041698e+00
-2.119999999999983231e+01 1.166761808872222872e+01
-2.109999999999983089e+01 1.212301840305328327e+01
-2.099999999999982947e+01 1.088680675208568616e+01
-2.089999999999982805e+01 9.188985372781752758e+00
-2.079999999999982663e+01 7.922141194343566895e+00
-2.069999999999982521e+01 7.969711723327637110e+00
-2.059999999999982379e+01 9.438041848242283649e+00
-2.049999999999982236e+01 1.309292465746402812e+01
-2.039999999999982094e+01 1.887545549392700295e+01
-2.029999999999981952e+01 2.362634040117263723e+01
-2.019999999999981810e+01 2.797704914331436044e+01
-2.009999999999981668e+01 3.077985298275947557e+01
-1.999999999999981526e+01 3.105293895840644680e+01
-1.989999999999981384e+01 3.007632069349288884e+01
-1.979999999999981242e+01 2.814059431314468540e+01
-1.969999999999981100e+01 2.620091748237609863e+01
-1.959999999999980957e+01 2.518506523847580070e+01
-1.949999999999980815e+01 2.371662791371345591e+01
-1.939999999999980673e+01 2.273971585869789180e+01
-1.929999999999980531e+01 2.174008041501045341e+01
-1.919999999999980389e+01 2.065201354265213141e+01
-1.909999999999980247e+01 1.967681516528129748e+01
-1.899999999999980105e+01 1.860016551494598502e+01
-1.889999999999979963e+01 1.791856914460658956e+01
-1.879999999999979821e+01 1.845359406471252584e+01
-1.869999999999979678e+01 1.870556482672691345e+01
-1.859999999999979536e+01 1.922399121403694267e+01
-1.849999999999979394e+01 1.975855315685272373e+01
-1.839999999999979252e+01 2.139243808269500846e+01
-1.829999999999979110e+01 2.365953679800033527e+01
-1.819999999999978968e+01 2.657795641541481046e+01
-1.809999999999978826e+01 2.801067981123924255e+01
-1.799999999999978684e+01 2.771857134699821401e+01
-1.789999999999978542e+01 2.661701961636543246e+01
-1.779999999999978400e+01 2.303442251205444435e+01
-1.769999999999978257e+01 2.036053643226623677e+01
-1.759999999999978115e+01 1.746729748606681909e+01
-1.749999999999977973e+01 1.571687709987163473e+01
-1.739999999999977831e+01 1.450858289539814017e+01
-1.729999999999977689e+01 1.501637993574142449e+01
-1.719999999999977547e+01 1.531526842176914194e+01
-1.709999999999977405e+01 1.573139527976512930e+01
-1.699999999999977263e+01 1.539457890093326498e+01
-1.689999999999977121e+01 1.543953022539615638e+01
-1.679999999999976978e+01 1.493493580520152975e+01
-1.669999999999976836e+01 1.423065910041332316e+01
-1.659999999999976694e+01 1.448909909129142726e+01
-1.649999999999976552e+01 1.430307475328445399e+01
-1.639999999999976410e+01 1.357733431756496500e+01
-1.629999999999976268e+01 1.386875340759754138e+01
-1.619999999999976126e+01 1.559105537354946058e+01
-1.609999999999975984e+01 1.814045081079006039e+01
-1.599999999999975842e+01 1.891017037034034587e+01
-1.589999999999975699e+01 1.773375648558139872e+01
-1.579999999999975557e+01 1.715375617563724475e+01
-1.569999999999975415e+01 1.680008317172527299e+01
-1.559999999999975273e+01 1.634386820137500607e+01
-1.549999999999975131e+01 1.588714397728443117e+01
-1.539999999999974989e+01 1.501322669267654497e+01
-1.529999999999974847e+01 1.455345399856567390e+01
-1.519999999999974705e+01 1.508896860599517886e+01
-1.509999999999974563e+01 1.762236691176891412e+01
-1.499999999999974420e+01 2.018085049867629976e+01
-1.489999999999974278e+01 2.357742123842239224e+01
-1.479999999999974136e+01 2.739519674181938313e+01
-1.469999999999973994e+01 3.206323973059654264e+01
-1.459999999999973852e+01 3.550930868148803654e+01
-1.449999999999973710e+01 3.771966770648955958e+01
-1.439999999999973568e+01 3.812563395023345691e+01
-1.429999999999973426e+01 3.886216036558150932e+01
-1.419999999999973284e+01 3.854076753139495537e+01
-1.409999999999973141e+01 3.793362399101257409e+01
-1.399999999999972999e+01 3.987771831274032763e+01
-1.389999999999972857e+01 4.132265249013900643e+01
-1.379999999999972715e+01 4.189841425418853760e+01
-1.369999999999972573e+01 4.153123969316482800e+01
-1.359999999999972431e+01 3.890719336032867659e+01
-1.349999999999972289e+01 3.376727673530578500e+01
-1.339999999999972147e+01 2.776007557749748145e+01
-1.329999999999972005e+01 1.995394633293151898e+01
-1.319999999999971863e+01 1.356338384747505188e+01
-1.309999999999971720e+01 8.993999048471451374e+00
-1.299999999999971578e+01 7.208813932538032709e+00
-1.289999999999971436e+01 6.099105823040008367e+00
-1.279999999999971294e+01 5.700408361256122269e+00
-1.269999999999971152e+01 4.997376226484775863e+00
-1.259999999999971010e+01 4.941282802969217514e+00
-1.249999999999970868e+01 5.146549599766731653e+00
-1.239999999999970726e+01 6.063495420813560521e+00
-1.229999999999970584e+01 8.119353697597979647e+00
-1.219999999999970441e+01 1.132299195349216525e+01
-1.209999999999970299e+01 1.509366324901580825e+01
-1.199999999999970157e+01 1.975097058773040715e+01
-1.189999999999970015e+01 2.575096457600593425e+01
-1.179999999999969873e+01 3.132159175753593416e+01
-1.169999999999969731e+01 3.617875708341598795e+01
-1.159999999999969589e+01 4.094269184827804509e+01
-1.149999999999969447e+01 4.585402230501174614e+01
-1.139999999999969305e+01 4.854810271024703638e+01
-1.129999999999969162e+01 5.163298008680343543e+01
-1.119999999999969020e+01 5.321854980468749829e+01
-1.109999999999968878e+01 5.358689826965331804e+01
-1.099999999999968736e+01 5.458410188436508292e+01
-1.089999999999968594e+01 5.546679670810699747e+01
-1.079999999999968452e+01 5.677067592859268075e+01
-1.069999999999968310e+01 5.849297317266464091e+01
-1.059999999999968168e+01 6.039874804019927979e+01
-1.049999999999968026e+01 6.207510962009430244e+01
-1.039999999999967883e+01 6.335210517168044930e+01
-1.029999999999967741e+01 6.267170168399810848e+01
-1.019999999999967599e+01 6.140422029495239542e+01
-1.009999999999967457e+01 5.917659548282622950e+01
-9.999999999999673150e+00 5.798736553430557450e+01
-9.899999999999671729e+00 5.770989506006240788e+01
-9.799999999999670308e+00 5.918772440671920521e+01
-9.699999999999668887e+00 6.034532481193542708e+01
-9.599999999999667466e+00 6.099169363737106409e+01
-9.499999999999666045e+00 6.152288417816161825e+01
-9.399999999999664624e+00 6.126230850934982186e+01
-9.299999999999663203e+00 6.125759858608245878e+01
-9.199999999999661782e+00 5.967388604640960637e+01
-9.099999999999660361e+00 5.956835819005966215e+01
-8.999999999999658939e+00 5.886928122758865101e+01
-8.899999999999657518e+00 6.037042267799377271e+01
-8.799999999999656097e+00 6.096334026813507023e+01
-8.699999999999654676e+00 6.305325430870055925e+01
-8.599999999999653255e+00 6.384992503166198929e+01
-8.499999999999651834e+00 6.595584819078445094e+01
-8.399999999999650413e+00 6.707950914144515764e+01
-8.299999999999648992e+00 7.009104331970215185e+01
-8.199999999999647571e+00 7.299447810173035123e+01
-8.099999999999646150e+00 7.670503205299377214e+01
-7.999999999999644729e+00 7.965980546474456503e+01
-7.899999999999643308e+00 8.311257776260376318e+01
-7.799999999999641886e+00 8.486265465736389046e+01
-7.699999999999640465e+00 8.673570057392120702e+01
-7.599999999999639044e+00 8.778778876781463225e+01
-7.499999999999637623e+00 8.833741340637206463e+01
-7.399999999999636202e+00 8.912528230190277156e+01
-7.299999999999634781e+00 8.876769453525542986e+01
-7.199999999999633360e+00 8.581172010421752816e+01
-7.099999999999631939e+00 8.085422052383422908e+01
-6.999999999999630518e+00 7.193602246284484636e+01
-6.899999999999629097e+00 6.083417780160903732e+01
-6.799999999999627676e+00 4.817969454288482467e+01
-6.699999999999626255e+00 3.699765780925750391e+01
-6.599999999999624833e+00 2.667456591725349568e+01
-6.499999999999623412e+00 1.843374570310115956e+01
-6.399999999999621991e+00 1.221206727325916219e+01
-6.299999999999620570e+00 9.100379224419594237e+00
-6.199999999999619149e+00 8.564813370406627158e+00
-6.099999999999617728e+00 9.521072418987751362e+00
-5.999999999999616307e+00 1.160757546365261028e+01
-5.899999999999614886e+00 1.343539226531982500e+01
-5.799999999999613465e+00 1.449663746118545582e+01
-5.699999999999612044e+00 1.491312323272228291e+01
-5.599999999999610623e+00 1.510457267642021151e+01
-5.499999999999609201e+00 1.428754115641117117e+01
-5.399999999999607780e+00 1.378592246294021528e+01
-5.299999999999606359e+00 1.255196166932582891e+01
-5.199999999999604938e+00 9.593852183520793275e+00
-5.099999999999603517e+00 6.809886512160301386e+00
-4.999999999999602096e+00 4.286867227852344087e+00
-4.899999999999600675e+00 2.546897009238600518e+00
-4.799999999999599254e+00 1.149298875406384424e+00
-4.699999999999597833e+00 5.139563011564314277e-01
-4.599999999999596412e+00 3.432215561950579530e-01
-4.499999999999594991e+00 1.150228736127610341e-01
-4.399999999999593570e+00 1.504449870414100721e-01
-4.299999999999592148e+00 2.931101553677581406e-01
-4.199999999999590727e+00 4.042457204498350887e-01
-4.099999999999589306e+00 5.349134842772036436e-01
-3.999999999999587885e+00 3.139255520654842257e-01
-3.899999999999586464e+00 2.529350535292178570e-01
-3.799999999999585043e+00 3.549080464150756731e-01
-3.699999999999583622e+00 2.199890948506072197e-01
-3.599999999999582201e+00 1.964606543420814033e-01
-3.499999999999580780e+00 2.230339986039325539e-01
-3.399999999999579359e+00 1.654766420507803593e-01
-3.299999999999577938e+00 1.370898327091708835e-01
-3.199999999999576517e+00 9.667349319555797182e-02
-3.099999999999575095e+00 1.052818320895312354e-01
-2.999999999999573674e+00 1.877406522748060469e-01
-2.899999999999572253e+00 1.801287348137702859e-01
-2.799999999999570832e+00 7.665951229202619399e-02
-2.699999999999569411e+00 3.535302146952745000e-02
-2.599999999999567990e+00 6.366022390087891503e-02
-2.499999999999566569e+00 1.173472686228342332e-01
-2.399999999999565148e+00 7.690321524190948943e-02
-2.299999999999563727e+00 4.439577776783153185e-02
-2.199999999999562306e+00 4.155204857073840907e-02
-2.099999999999560885e+00 9.672599078272468842e-02
-1.999999999999559464e+00 1.546860630065202691e-01
-1.899999999999558042e+00 2.440292317746207140e-01
-1.799999999999556621e+00 3.734704693127423591e-01
-1.699999999999555200e+00 7.620576228201388913e-01
-1.599999999999553779e+00 1.589319882951676810e+00
-1.499999999999552358e+00 3.239774501770734894e+00
-1.399999999999550937e+00 6.170676725506782923e+00
-1.299999999999549516e+00 1.059189654111862211e+01
-1.199999999999548095e+00 1.630518692553043536e+01
-1.099999999999546674e+00 2.327952610015869084e+01
-9.999999999995452526e-01 3.018901263475418162e+01
-8.999999999995438316e-01 3.791176857709884729e+01
-7.999999999995424105e-01 4.448713516950607527e+01
-6.999999999995409894e-01 4.863851714611053723e+01
-5.999999999995395683e-01 5.063874829769134323e+01
-4.999999999995381472e-01 5.217684751749038696e+01
-3.999999999995367261e-01 5.249645908832550134e+01
-2.999999999995353051e-01 5.330215865373611450e+01
-1.999999999995338840e-01 5.572180984020233296e+01
-9.999999999953246288e-02 5.632483967065811470e+01
4.689582056016661227e-13 5.880337290287017993e+01
1.000000000004703793e-01 6.031711990833282755e+01
2.000000000004718004e-01 6.136591263532638862e+01
3.000000000004732215e-01 6.342645163774490413e+01
4.000000000004746425e-01 6.707663795471191293e+01
5.000000000004760636e-01 7.272311056613922631e+01
6.000000000004774847e-01 7.597322836875915186e+01
7.000000000004789058e-01 7.989264035224914551e+01
8.000000000004803269e-01 8.216779345989226613e+01
9.000000000004817480e-01 8.442422173976898137e+01
1.000000000000483169e+00 8.758773475170136180e+01
