-3.300000000000000000e+01 8.964909218615503550e-02
-3.289999999999999858e+01 1.889560427766991679e-01
-3.279999999999999716e+01 1.579903004580410220e-01
-3.269999999999999574e+01 5.532494206818228122e-02
-3.259999999999999432e+01 2.885284211672842769e-01
-3.249999999999999289e+01 6.593668744433671680e-01
-3.239999999999999147e+01 3.196480532083660342e-01
-3.229999999999999005e+01 3.363012782443547399e-02
-3.219999999999998863e+01 5.572571310120110616e-02
-3.209999999999998721e+01 1.241250091086840285e-01
-3.199999999999998579e+01 1.621865603321930305e-01
-3.189999999999998437e+01 7.509996579014113771e-02
-3.179999999999998295e+01 2.600007271757760752e-02
-3.169999999999998153e+01 5.303021100408614186e-02
-3.159999999999998010e+01 8.379253603704274189e-01
-3.149999999999997868e+01 1.651447443962097195e+00
-3.139999999999997726e+01 9.624919860064983235e-01
-3.129999999999997584e+01 1.710045423370320228e-01
-3.119999999999997442e+01 8.765655800758395677e-02
-3.109999999999997300e+01 6.791079013804961206e-02
-3.099999999999997158e+01 3.437888473099519338e-02
-3.089999999999997016e+01 8.821937669827093279e-03
-3.079999999999996874e+01 4.518256415794326061e-03
-3.069999999999996732e+01 6.472292426515195707e-03
-3.059999999999996589e+01 1.387307882848290257e-02
-3.049999999999996447e+01 1.036219212540572671e-02
-3.039999999999996305e+01 4.628753559327378891e-03
-3.029999999999996163e+01 1.014186731435984257e-02
-3.019999999999996021e+01 2.945782140976575814e-02
-3.009999999999995879e+01 4.541231018016333304e-02
-2.999999999999995737e+01 4.183033912178615171e-02
-2.989999999999995595e+01 2.307158113309924416e-02
-2.979999999999995453e+01 2.944858881967206757e-02
-2.969999999999995310e+01 7.216710238551456158e-02
-2.959999999999995168e+01 7.528000277441605770e-02
-2.949999999999995026e+01 5.553362141732577639e-02
-2.939999999999994884e+01 3.213056803582003407e-01
-2.929999999999994742e+01 5.921383066335692558e-01
-2.919999999999994600e+01 9.415879460936412704e-01
-2.909999999999994458e+01 1.254690255039604407e+00
-2.899999999999994316e+01 1.420563255567103722e+00
-2.889999999999994174e+01 1.403810648015060059e+00
-2.879999999999994031e+01 1.201670217688078912e+00
-2.869999999999993889e+01 8.846944091789237241e-01
-2.859999999999993747e+01 7.992774986173025731e-01
-2.849999999999993605e+01 7.080599132366478532e-01
-2.839999999999993463e+01 9.013718765694648249e-01
-2.829999999999993321e+01 1.054671630848606600e+00
-2.819999999999993179e+01 2.853757672570645720e+00
-2.809999999999993037e+01 4.866200126744806731e+00
-2.799999999999992895e+01 5.936480726599693725e+00
-2.789999999999992752e+01 6.013395188152790283e+00
-2.779999999999992610e+01 5.014089628532528486e+00
-2.769999999999992468e+01 3.651456054337322676e+00
-2.759999999999992326e+01 2.991336414106190222e+00
-2.749999999999992184e+01 2.028346183104440481e+00
-2.739999999999992042e+01 1.532169450381770659e+00
-2.729999999999991900e+01 9.450479134195484132e-01
-2.719999999999991758e+01 1.601470942497253525e+00
-2.709999999999991616e+01 2.060786422947421759e+00
-2.699999999999991473e+01 3.556434036940336441e+00
-2.689999999999991331e+01 4.822384584248066375e+00
-2.679999999999991189e+01 4.237708301544189204e+00
-2.669999999999991047e+01 3.387217156700789822e+00
-2.659999999999990905e+01 3.435019413232803132e+00
-2.649999999999990763e+01 3.494214389026164991e+00
-2.639999999999990621e+01 3.925233240872621376e+00
-2.629999999999990479e+01 4.537703485377132751e+00
-2.619999999999990337e+01 4.878027209490537253e+00
-2.609999999999990195e+01 6.891235251128673411e+00
-2.599999999999990052e+01 8.742072059214114788e+00
-2.589999999999989910e+01 9.070357879847287919e+00
-2.579999999999989768e+01 8.969613385200499778e+00
-2.569999999999989626e+01 8.040820557326078699e+00
-2.559999999999989484e+01 5.634828499183059058e+00
-2.549999999999989342e+01 3.130209468379616666e+00
-2.539999999999989200e+01 1.936928402818739459e+00
-2.529999999999989058e+01 1.780247090915217933e+00
-2.519999999999988916e+01 1.554416512195020861e+00
-2.509999999999988773e+01 1.552079206211492313e+00
-2.499999999999988631e+01 1.680736796241253606e+00
-2.489999999999988489e+01 1.575146209802478658e+00
-2.479999999999988347e+01 1.505551307294517693e+00
-2.469999999999988205e+01 1.352543641002848851e+00
-2.459999999999988063e+01 1.012212352389469716e+00
-2.449999999999987921e+01 7.689805954135954247e-01
-2.439999999999987779e+01 5.556556138582527948e-01
-2.429999999999987637e+01 1.125600963840261093e+00
-2.419999999999987494e+01 1.733305838042870084e+00
-2.409999999999987352e+01 1.165617061480879846e+00
-2.399999999999987210e+01 1.733526120074093235e+00
-2.389999999999987068e+01 2.950049923136830454e+00
-2.379999999999986926e+01 1.575735299289226621e+00
-2.369999999999986784e+01 7.534101536311209601e-01
-2.359999999999986642e+01 1.321339661465026349e+00
-2.349999999999986500e+01 7.347644715802743587e-01
-2.339999999999986358e+01 8.349790768192179302e-02
-2.329999999999986215e+01 4.749448674951053939e-02
-2.319999999999986073e+01 4.577988076276597040e-02
-2.309999999999985931e+01 5.682944308297010333e-02
-2.299999999999985789e+01 9.122498921278349160e-02
-2.289999999999985647e+01 1.577981013827229606e-01
-2.279999999999985505e+01 2.003144502423674644e-01
-2.269999999999985363e+01 1.873807993830632901e-01
-2.259999999999985221e+01 2.033563545775541603e-01
-2.249999999999985079e+01 2.589189602897385978e-01
-2.239999999999984936e+01 2.905693592654279289e-01
-2.229999999999984794e+01 3.654608293532146668e-01
-2.219999999999984652e+01 3.208270644021103957e-01
-2.209999999999984510e+01 3.104350307757704486e-01
-2.199999999999984368e+01 7.439368379926599717e-01
-2.189999999999984226e+01 1.040097760866628862e+00
-2.179999999999984084e+01 1.255840427936054660e+00
-2.169999999999983942e+01 1.464294189396314394e+00
-2.159999999999983800e+01 1.810063259247690404e+00
-2.149999999999983658e+01 1.983609364833682775e+00
-2.139999999999983515e+01 2.004494842309504588e+00
-2.129999999999983373e+01 1.858785819252952942e+00
-2.119999999999983231e+01 2.326215149611234878e+00
-2.109999999999983089e+01 3.032844619899988103e+00
-2.099999999999982947e+01 4.205099323764443398e+00
-2.089999999999982805e+01 4.733143343254924140e+00
-2.079999999999982663e+01 3.698429201915859998e+00
-2.069999999999982521e+01 4.079671347141266224e+00
-2.059999999999982379e+01 5.459747559577226461e+00
-2.049999999999982236e+01 5.419606312513351121e+00
-2.039999999999982094e+01 5.464659912586212087e+00
-2.029999999999981952e+01 6.170456622391939483e+00
-2.019999999999981810e+01 7.520200538188219319e+00
-2.009999999999981668e+01 9.479277069866657968e+00
-1.999999999999981526e+01 1.036829410612583224e+01
-1.989999999999981384e+01 1.179590331584215157e+01
-1.979999999999981242e+01 1.209009739786386461e+01
-1.969999999999981100e+01 1.063427586585283358e+01
-1.959999999999980957e+01 1.042681932657957056e+01
-1.949999999999980815e+01 1.090611031442880652e+01
-1.939999999999980673e+01 1.001167754560709078e+01
-1.929999999999980531e+01 9.316243833452462653e+00
-1.919999999999980389e+01 9.141271590590477558e+00
-1.909999999999980247e+01 7.162490860968827810e+00
-1.899999999999980105e+01 6.056923339068889689e+00
-1.889999999999979963e+01 5.547291083484887864e+00
-1.879999999999979821e+01 6.012166070342064295e+00
-1.869999999999979678e+01 6.812042628377676046e+00
-1.859999999999979536e+01 6.438327298909425345e+00
-1.849999999999979394e+01 5.701321078389883112e+00
-1.839999999999979252e+01 4.595831066146493171e+00
-1.829999999999979110e+01 4.923438655138015818e+00
-1.819999999999978968e+01 7.745564753115177226e+00
-1.809999999999978826e+01 9.651854535937308910e+00
-1.799999999999978684e+01 1.002472637504339303e+01
-1.789999999999978542e+01 1.146814980179071419e+01
-1.779999999999978400e+01 1.199298239827156110e+01
-1.769999999999978257e+01 1.093684059321880397e+01
-1.759999999999978115e+01 1.026857969716191299e+01
-1.749999999999977973e+01 1.159391655176878011e+01
-1.739999999999977831e+01 1.224701816827058742e+01
-1.729999999999977689e+01 1.262081818729638982e+01
-1.719999999999977547e+01 1.136052601128816519e+01
-1.709999999999977405e+01 9.604003898799419403e+00
-1.699999999999977263e+01 7.786264502704143275e+00
-1.689999999999977121e+01 6.847573566585778870e+00
-1.679999999999976978e+01 6.077618899196385982e+00
-1.669999999999976836e+01 6.111289558112621201e+00
-1.659999999999976694e+01 6.486349588185548853e+00
-1.649999999999976552e+01 5.526676721274852433e+00
-1.639999999999976410e+01 5.383793139159679164e+00
-1.629999999999976268e+01 6.161389269530773483e+00
-1.619999999999976126e+01 8.189015736430883763e+00
-1.609999999999975984e+01 1.001945395529270222e+01
-1.599999999999975842e+01 1.014350818544626165e+01
-1.589999999999975699e+01 9.225509987622499963e+00
-1.579999999999975557e+01 7.164979523122310567e+00
-1.569999999999975415e+01 4.138365588039159881e+00
-1.559999999999975273e+01 3.918682079240679794e+00
-1.549999999999975131e+01 5.384782725274562587e+00
-1.539999999999974989e+01 7.438721500486135341e+00
-1.529999999999974847e+01 9.207076573818921972e+00
-1.519999999999974705e+01 9.074060211032628942e+00
-1.509999999999974563e+01 1.073547371193766509e+01
-1.499999999999974420e+01 1.242527289420366365e+01
-1.489999999999974278e+01 1.199390663713216831e+01
-1.479999999999974136e+01 1.204842003226280234e+01
-1.469999999999973994e+01 1.360354128479957581e+01
-1.459999999999973852e+01 1.381913285285234494e+01
-1.449999999999973710e+01 1.342645442605018680e+01
-1.439999999999973568e+01 1.222180169045925169e+01
-1.429999999999973426e+01 1.168950342297554101e+01
-1.419999999999973284e+01 1.103526239097118378e+01
-1.409999999999973141e+01 1.011504679426550801e+01
-1.399999999999972999e+01 1.018421635299920958e+01
-1.389999999999972857e+01 9.793659871071577427e+00
-1.379999999999972715e+01 9.888267860114574148e+00
-1.369999999999972573e+01 1.021908906519412952e+01
-1.359999999999972431e+01 1.108586726665496869e+01
-1.349999999999972289e+01 1.185197489857673681e+01
-1.339999999999972147e+01 1.288215686082839895e+01
-1.329999999999972005e+01 1.392994485646486247e+01
-1.319999999999971863e+01 1.410734884083271012e+01
-1.309999999999971720e+01 1.393191753804683763e+01
-1.299999999999971578e+01 1.331893460690975139e+01
-1.289999999999971436e+01 1.417561548650264669e+01
-1.279999999999971294e+01 1.518846229404211101e+01
-1.269999999999971152e+01 1.672431327998638295e+01
-1.259999999999971010e+01 1.682375077337026426e+01
-1.249999999999970868e+01 1.760524966716766215e+01
-1.239999999999970726e+01 1.771344480752944861e+01
-1.229999999999970584e+01 1.986022488832473698e+01
-1.219999999999970441e+01 2.152880441009998336e+01
-1.209999999999970299e+01 2.244661177337169633e+01
-1.199999999999970157e+01 2.305764078617096047e+01
-1.189999999999970015e+01 2.380856697440147229e+01
-1.179999999999969873e+01 2.250588018596172191e+01
-1.169999999999969731e+01 2.126473663091659461e+01
-1.159999999999969589e+01 2.004183132946491241e+01
-1.149999999999969447e+01 1.987737954080104785e+01
-1.139999999999969305e+01 2.079970228612423000e+01
-1.129999999999969162e+01 2.079687262296676664e+01
-1.119999999999969020e+01 2.111733737289905477e+01
-1.109999999999968878e+01 2.279381387829780437e+01
-1.099999999999968736e+01 2.404443766832351770e+01
-1.089999999999968594e+01 2.524842116713523765e+01
-1.079999999999968452e+01 2.613917191505431958e+01
-1.069999999999968310e+01 2.558938649415969735e+01
-1.059999999999968168e+01 2.721592473328113471e+01
-1.049999999999968026e+01 3.015395424246787925e+01
-1.039999999999967883e+01 2.906966724276542635e+01
-1.029999999999967741e+01 2.686283147096633783e+01
-1.019999999999967599e+01 2.440617820203304333e+01
-1.009999999999967457e+01 2.062101938486099328e+01
-9.999999999999673150e+00 2.019335385143756767e+01
-9.899999999999671729e+00 1.992236062884330750e+01
-9.799999999999670308e+00 1.973415045917034050e+01
-9.699999999999668887e+00 1.974145327627658730e+01
-9.599999999999667466e+00 2.095935128927230906e+01
-9.499999999999666045e+00 2.161069616138935245e+01
-9.399999999999664624e+00 2.181342629909515551e+01
-9.299999999999663203e+00 2.558635827422142128e+01
-9.199999999999661782e+00 2.853899303734302606e+01
-9.099999999999660361e+00 3.201237261116504840e+01
-8.999999999999658939e+00 3.357519678473472879e+01
-8.899999999999657518e+00 3.380254320979118177e+01
-8.799999999999656097e+00 3.241730784416198929e+01
-8.699999999999654676e+00 2.909873149931430802e+01
-8.599999999999653255e+00 2.811898786842823128e+01
-8.499999999999651834e+00 2.895393562197685355e+01
-8.399999999999650413e+00 2.451472955882549343e+01
-8.299999999999648992e+00 2.068053618788719206e+01
-8.199999999999647571e+00 2.029503941655158883e+01
-8.099999999999646150e+00 1.875267587363719812e+01
-7.999999999999644729e+00 1.861014544844627494e+01
-7.899999999999643308e+00 2.035634150207042836e+01
-7.799999999999641886e+00 2.281405823469161831e+01
-7.699999999999640465e+00 2.625019777297973533e+01
-7.599999999999639044e+00 2.794888166248798456e+01
-7.499999999999637623e+00 2.805320956945419297e+01
-7.399999999999636202e+00 2.654948952853679600e+01
-7.299999999999634781e+00 2.428034758269786764e+01
-7.199999999999633360e+00 2.056737913310527688e+01
-7.099999999999631939e+00 2.093383671700954451e+01
-6.999999999999630518e+00 1.973225767910480499e+01
-6.899999999999629097e+00 1.986365452587604352e+01
-6.799999999999627676e+00 2.091334659755229808e+01
-6.699999999999626255e+00 2.119555821776389948e+01
-6.599999999999624833e+00 2.085611853003501892e+01
-6.499999999999623412e+00 1.926095316112041544e+01
-6.399999999999621991e+00 1.895037384927272939e+01
-6.299999999999620570e+00 1.973952640950679793e+01
-6.199999999999619149e+00 1.699651715099811611e+01
-6.099999999999617728e+00 1.176750767379999196e+01
-5.999999999999616307e+00 9.317120654284954284e+00
-5.899999999999614886e+00 6.669778829663991715e+00
-5.799999999999613465e+00 5.854766781032085809e+00
-5.699999999999612044e+00 5.094054387733340405e+00
-5.599999999999610623e+00 4.015642824396491228e+00
-5.499999999999609201e+00 2.605910347402095706e+00
-5.399999999999607780e+00 2.698287674300372530e+00
-5.299999999999606359e+00 2.307837474569678360e+00
-5.199999999999604938e+00 1.280211106035858304e+00
-5.099999999999603517e+00 4.992061054534860931e-01
-4.999999999999602096e+00 6.168240074813365892e-01
-4.899999999999600675e+00 6.072559240460395635e-01
-4.799999999999599254e+00 3.817707981844432608e-01
-4.699999999999597833e+00 2.188372839416842797e-01
-4.599999999999596412e+00 2.388934670601156607e-01
-4.499999999999594991e+00 1.855523663266194501e-01
-4.399999999999593570e+00 6.932627186521131413e-02
-4.299999999999592148e+00 1.029635660110398004e-01
-4.199999999999590727e+00 1.371276373476939536e-01
-4.099999999999589306e+00 8.257769993377223061e-02
-3.999999999999587885e+00 4.615267662062251530e-02
-3.899999999999586464e+00 3.604678327224746653e-02
-3.799999999999585043e+00 2.986016357947576805e-02
-3.699999999999583622e+00 6.074282508906889838e-02
-3.599999999999582201e+00 1.593607911717845049e-01
-3.499999999999580780e+00 1.994034838548395805e-01
-3.399999999999579359e+00 8.532341580925276170e-02
-3.299999999999577938e+00 9.081315527565948786e-02
-3.199999999999576517e+00 5.243864127900451644e-01
-3.099999999999575095e+00 9.058852248918265460e-01
-2.999999999999573674e+00 4.962662979634478444e-01
-2.899999999999572253e+00 6.622383683095335594e-02
-2.799999999999570832e+00 1.275093075763434225e+00
-2.699999999999569411e+00 2.439410643763840092e+00
-2.599999999999567990e+00 1.513803661987185523e+00
-2.499999999999566569e+00 3.791235286748269595e-01
-2.399999999999565148e+00 2.960643450573843261e-01
-2.299999999999563727e+00 4.365224268142628983e-01
-2.199999999999562306e+00 7.507892953045666173e-01
-2.099999999999560885e+00 1.820723221320659002e+00
-1.999999999999559464e+00 2.953366437815129864e+00
-1.899999999999558042e+00 3.509122605398297345e+00
-1.799999999999556621e+00 3.886045133769512105e+00
-1.699999999999555200e+00 4.838615471050143668e+00
-1.599999999999553779e+00 5.288147368133068404e+00
-1.499999999999552358e+00 6.811793745309114634e+00
-1.399999999999550937e+00 7.800029852986336110e+00
-1.299999999999549516e+00 8.597749960273503689e+00
-1.199999999999548095e+00 8.260311898440122036e+00
-1.099999999999546674e+00 7.773769158720970296e+00
-9.999999999995452526e-01 7.403849280923605392e+00
-8.999999999995438316e-01 7.851321700215339483e+00
-7.999999999995424105e-01 8.458164837211370468e+00
-6.999999999995409894e-01 1.005508643627166698e+01
-5.999999999995395683e-01 1.157626736551523194e+01
-4.999999999995381472e-01 1.436804031640291157e+01
-3.999999999995367261e-01 1.532068488776683779e+01
-2.999999999995353051e-01 1.391626713424921036e+01
-1.999999999995338840e-01 1.439752349197864589e+01
-9.999999999953246288e-02 1.431524352908134468e+01
4.689582056016661227e-13 1.558367395758628859e+01
1.000000000004703793e-01 1.693267907172441511e+01
2.000000000004718004e-01 1.883401421725750069e+01
3.000000000004732215e-01 1.943553046405315499e+01
4.000000000004746425e-01 2.119655323147773629e+01
5.000000000004760636e-01 2.181077735424041819e+01
6.000000000004774847e-01 2.136022552013397302e+01
7.000000000004789058e-01 2.187884565055370345e+01
8.000000000004803269e-01 2.269987648725509644e+01
9.000000000004817480e-01 2.252764802098274188e+01
1.000000000000483169e+00 2.368481184124946637e+01
