-3.300000000000000000e+01 8.409695047885179563e-04
-3.289999999999999858e+01 1.748773900466403519e-02
-3.279999999999999716e+01 4.579307679754720389e-02
-3.269999999999999574e+01 1.559728927391915848e-02
-3.259999999999999432e+01 8.598724674448021818e-04
-3.249999999999999289e+01 3.044476784748440228e-04
-3.239999999999999147e+01 3.005776317149866416e-04
-3.229999999999999005e+01 3.846379206608980805e-01
-3.219999999999998863e+01 1.335323764309287009e+00
-3.209999999999998721e+01 1.533219930231571215e+00
-3.199999999999998579e+01 6.016883742436767157e-01
-3.189999999999998437e+01 1.494363029960368242e-03
-3.179999999999998295e+01 4.294302547350525639e-04
-3.169999999999998153e+01 0.000000000000000000e+00
-3.159999999999998010e+01 4.675687523558735847e-05
-3.149999999999997868e+01 1.424750976730138085e-04
-3.139999999999997726e+01 2.657936594914645119e-05
-3.129999999999997584e+01 1.340860402524413032e-04
-3.119999999999997442e+01 1.021658680292603007e-03
-3.109999999999997300e+01 1.847031360994151302e-03
-3.099999999999997158e+01 2.687497689265001127e-02
-3.089999999999997016e+01 5.692552101170804402e-02
-3.079999999999996874e+01 1.065854953676462102e+00
-3.069999999999996732e+01 2.549998982995748342e+00
-3.059999999999996589e+01 2.460188090801239014e+00
-3.049999999999996447e+01 1.310382840111851799e+00
-3.039999999999996305e+01 4.751327427104115597e-01
-3.029999999999996163e+01 1.407957454235292949e-01
-3.019999999999996021e+01 2.022121402323246109e+00
-3.009999999999995879e+01 3.858581897914409531e+00
-2.999999999999995737e+01 5.835822596848011301e+00
-2.989999999999995595e+01 9.043562362790106945e+00
-2.979999999999995453e+01 1.174880410194396951e+01
-2.969999999999995310e+01 1.440987271785736112e+01
-2.959999999999995168e+01 1.366918320894241390e+01
-2.949999999999995026e+01 1.042452731788158360e+01
-2.939999999999994884e+01 7.795947623848914709e+00
-2.929999999999994742e+01 4.106366378366947067e+00
-2.919999999999994600e+01 3.170639960467815488e+00
-2.909999999999994458e+01 2.448494543284177816e+00
-2.899999999999994316e+01 5.349457335770130051e+00
-2.889999999999994174e+01 8.738446308374404836e+00
-2.879999999999994031e+01 1.251545010924339252e+01
-2.869999999999993889e+01 1.547135232210159295e+01
-2.859999999999993747e+01 1.457279577970504825e+01
-2.849999999999993605e+01 1.110753654956817549e+01
-2.839999999999993463e+01 7.443198541402816559e+00
-2.829999999999993321e+01 3.506109846085310178e+00
-2.819999999999993179e+01 2.133747298568487327e+00
-2.809999999999993037e+01 4.399444267916260420e-01
-2.799999999999992895e+01 5.302252263366245000e-01
-2.789999999999992752e+01 7.013531520660035712e-01
-2.779999999999992610e+01 2.052155088409781669e+00
-2.769999999999992468e+01 3.413659290075302000e+00
-2.759999999999992326e+01 6.961620267033577392e+00
-2.749999999999992184e+01 1.086724864482879660e+01
-2.739999999999992042e+01 1.359890817403793406e+01
-2.729999999999991900e+01 1.432426396608352626e+01
-2.719999999999991758e+01 1.236994709372520518e+01
-2.709999999999991616e+01 8.963818255662918233e+00
-2.699999999999991473e+01 5.295544414222240093e+00
-2.689999999999991331e+01 1.314263930507004297e+00
-2.679999999999991189e+01 7.062979318946599472e-01
-2.669999999999991047e+01 2.036034239004948232e-01
-2.659999999999990905e+01 3.720742094912566356e-01
-2.649999999999990763e+01 5.523620637226849261e-01
-2.639999999999990621e+01 6.580480251903645383e-01
-2.629999999999990479e+01 5.752578048873693284e-01
-2.619999999999990337e+01 4.937276386236771897e-01
-2.609999999999990195e+01 2.840541173215024306e-01
-2.599999999999990052e+01 6.509611203538952229e-02
-2.589999999999989910e+01 4.881754449321306505e-02
-2.579999999999989768e+01 2.930423027984715989e-02
-2.569999999999989626e+01 1.410025776301154082e-02
-2.559999999999989484e+01 1.737807987170526813e-02
-2.549999999999989342e+01 6.634699472589999925e-02
-2.539999999999989200e+01 1.337579194999489185e-01
-2.529999999999989058e+01 1.123691803132533112e-01
-2.519999999999988916e+01 5.663983929378445942e-02
-2.509999999999988773e+01 3.753769108647247998e-02
-2.499999999999988631e+01 2.075028640392702003e-02
-2.489999999999988489e+01 2.233024167653638922e-03
-2.479999999999988347e+01 0.000000000000000000e+00
-2.469999999999988205e+01 6.412772055557525337e-03
-2.459999999999988063e+01 5.940274736814899620e-02
-2.449999999999987921e+01 1.036688361292544824e-01
-2.439999999999987779e+01 4.273756013670936271e-01
-2.429999999999987637e+01 7.290748695563524784e-01
-2.419999999999987494e+01 1.345763614475727010e+00
-2.409999999999987352e+01 2.210928376615047597e+00
-2.399999999999987210e+01 3.036620189845562034e+00
-2.389999999999987068e+01 3.833969854116439979e+00
-2.379999999999986926e+01 3.697129577100276787e+00
-2.369999999999986784e+01 2.710911794900894289e+00
-2.359999999999986642e+01 2.570525022000074600e+00
-2.349999999999986500e+01 2.614220512211322678e+00
-2.339999999999986358e+01 2.395791040509939407e+00
-2.329999999999986215e+01 2.518162175863981389e+00
-2.319999999999986073e+01 2.196153799742460055e+00
-2.309999999999985931e+01 1.780721939876675597e+00
-2.299999999999985789e+01 1.779788307175040218e+00
-2.289999999999985647e+01 1.639132099673151988e+00
-2.279999999999985505e+01 1.808649217486381522e+00
-2.269999999999985363e+01 1.946987481415271670e+00
-2.259999999999985221e+01 1.829764866381883515e+00
-2.249999999999985079e+01 2.050372199267148865e+00
-2.239999999999984936e+01 2.412450256794691050e+00
-2.229999999999984794e+01 2.048258601129055112e+00
-2.219999999999984652e+01 1.778467954918742100e+00
-2.209999999999984510e+01 1.658778930678963759e+00
-2.199999999999984368e+01 1.751879268586635563e+00
-2.189999999999984226e+01 1.644757313579320979e+00
-2.179999999999984084e+01 1.317224520966410628e+00
-2.169999999999983942e+01 1.781842462867498478e+00
-2.159999999999983800e+01 2.421187462806701607e+00
-2.149999999999983658e+01 2.262301362901926183e+00
-2.139999999999983515e+01 1.939268292412161809e+00
-2.129999999999983373e+01 2.155055542141198988e+00
-2.119999999999983231e+01 2.076221869960427124e+00
-2.109999999999983089e+01 1.885319079235196149e+00
-2.099999999999982947e+01 1.789837411791086241e+00
-2.089999999999982805e+01 1.413993055298924384e+00
-2.079999999999982663e+01 1.343596999794244740e+00
-2.069999999999982521e+01 1.705379140600562060e+00
-2.059999999999982379e+01 1.851191419512033365e+00
-2.049999999999982236e+01 1.868440296649932941e+00
-2.039999999999982094e+01 2.502360562384128517e+00
-2.029999999999981952e+01 2.834208250790834605e+00
-2.019999999999981810e+01 2.808170649111271011e+00
-2.009999999999981668e+01 2.708114631772041481e+00
-1.999999999999981526e+01 2.340689742118120087e+00
-1.989999999999981384e+01 2.484540720731020169e+00
-1.979999999999981242e+01 2.789065389633178516e+00
-1.969999999999981100e+01 2.540076632201671458e+00
-1.959999999999980957e+01 2.417567436844110684e+00
-1.949999999999980815e+01 2.773778007924556643e+00
-1.939999999999980673e+01 2.937004805803299146e+00
-1.929999999999980531e+01 2.640008169561624651e+00
-1.919999999999980389e+01 2.969451684057712537e+00
-1.909999999999980247e+01 3.283681152462959218e+00
-1.899999999999980105e+01 3.448659521341324030e+00
-1.889999999999979963e+01 3.483440062254667069e+00
-1.879999999999979821e+01 3.440073858797550344e+00
-1.869999999999979678e+01 4.316983483135699906e+00
-1.859999999999979536e+01 5.668989284634590398e+00
-1.849999999999979394e+01 5.251114563345908870e+00
-1.839999999999979252e+01 4.597278978824615336e+00
-1.829999999999979110e+01 3.572654723525047427e+00
-1.819999999999978968e+01 2.162657528668642026e+00
-1.809999999999978826e+01 1.388254137039184544e+00
-1.799999999999978684e+01 1.330420342907309594e+00
-1.789999999999978542e+01 1.579181206449866259e+00
-1.779999999999978400e+01 1.562480390444398015e+00
-1.769999999999978257e+01 3.116041223555803263e+00
-1.759999999999978115e+01 4.965819218158721959e+00
-1.749999999999977973e+01 6.126360845267772248e+00
-1.739999999999977831e+01 6.359081543684006022e+00
-1.729999999999977689e+01 6.793579148054122996e+00
-1.719999999999977547e+01 6.322730401754379059e+00
-1.709999999999977405e+01 5.954781535863876485e+00
-1.699999999999977263e+01 5.119153543710708298e+00
-1.689999999999977121e+01 4.484354194700717500e+00
-1.679999999999976978e+01 4.826245134472847198e+00
-1.669999999999976836e+01 5.555005660951137791e+00
-1.659999999999976694e+01 6.699206535816192520e+00
-1.649999999999976552e+01 8.302555339336395335e+00
-1.639999999999976410e+01 9.490254748463630818e+00
-1.629999999999976268e+01 9.436936751604079632e+00
-1.619999999999976126e+01 9.017149009108543112e+00
-1.609999999999975984e+01 7.504359328150749242e+00
-1.599999999999975842e+01 6.569449846744537247e+00
-1.589999999999975699e+01 6.067374399304389598e+00
-1.579999999999975557e+01 5.215904945433139872e+00
-1.569999999999975415e+01 5.245316424071789108e+00
-1.559999999999975273e+01 5.097582003772259007e+00
-1.549999999999975131e+01 5.131692103743553446e+00
-1.539999999999974989e+01 4.302717357873916626e+00
-1.529999999999974847e+01 3.775864720344543457e+00
-1.519999999999974705e+01 3.190283509790897476e+00
-1.509999999999974563e+01 2.792939064055681264e+00
-1.499999999999974420e+01 2.464671254307031489e+00
-1.489999999999974278e+01 2.855017772465944237e+00
-1.479999999999974136e+01 3.100395378023386161e+00
-1.469999999999973994e+01 4.183021264672279749e+00
-1.459999999999973852e+01 5.150049059092998149e+00
-1.449999999999973710e+01 5.532098182439804113e+00
-1.439999999999973568e+01 5.715701327919959773e+00
-1.429999999999973426e+01 5.657373450100421586e+00
-1.419999999999973284e+01 6.134260259270668314e+00
-1.409999999999973141e+01 6.869391206502914571e+00
-1.399999999999972999e+01 9.189355716705321697e+00
-1.389999999999972857e+01 1.129305029153823803e+01
-1.379999999999972715e+01 1.292540873050689676e+01
-1.369999999999972573e+01 1.340901802182197500e+01
-1.359999999999972431e+01 1.285789582371711681e+01
-1.349999999999972289e+01 1.255537031650543156e+01
-1.339999999999972147e+01 1.329216643810272203e+01
-1.329999999999972005e+01 1.523303259015083277e+01
-1.319999999999971863e+01 1.795290905714034935e+01
-1.309999999999971720e+01 2.009959969997406048e+01
-1.299999999999971578e+01 2.129050464391708530e+01
-1.289999999999971436e+01 2.120551925897598267e+01
-1.279999999999971294e+01 2.032274849295616193e+01
-1.269999999999971152e+01 1.922517726659774695e+01
-1.259999999999971010e+01 1.889070122122764417e+01
-1.249999999999970868e+01 1.926607725262642035e+01
-1.239999999999970726e+01 2.010715449571609525e+01
-1.229999999999970584e+01 1.987053767681121741e+01
-1.219999999999970441e+01 1.794919537782669039e+01
-1.209999999999970299e+01 1.527728854537010150e+01
-1.199999999999970157e+01 1.284648182272911043e+01
-1.189999999999970015e+01 1.182337101459503259e+01
-1.179999999999969873e+01 1.138042750954627991e+01
-1.169999999999969731e+01 1.128452843070030198e+01
-1.159999999999969589e+01 1.204926236629486169e+01
-1.149999999999969447e+01 1.263310912370681827e+01
-1.139999999999969305e+01 1.268911510705947876e+01
-1.129999999999969162e+01 1.284474043607711735e+01
-1.119999999999969020e+01 1.277145343065261862e+01
-1.109999999999968878e+01 1.222167129635810845e+01
-1.099999999999968736e+01 1.210652427792549091e+01
-1.089999999999968594e+01 1.266346513152122455e+01
-1.079999999999968452e+01 1.356518486738204921e+01
-1.069999999999968310e+01 1.453501583576202449e+01
-1.059999999999968168e+01 1.461500826716422985e+01
-1.049999999999968026e+01 1.425720437407493613e+01
-1.039999999999967883e+01 1.313564459681510854e+01
-1.029999999999967741e+01 1.076667401432990978e+01
-1.019999999999967599e+01 8.147751538753508882e+00
-1.009999999999967457e+01 7.652674612998962012e+00
-9.999999999999673150e+00 8.237677348852157522e+00
-9.899999999999671729e+00 8.651427782177925963e+00
-9.799999999999670308e+00 9.023253271579742218e+00
-9.699999999999668887e+00 1.014040272474288962e+01
-9.599999999999667466e+00 1.133774079680442881e+01
-9.499999999999666045e+00 1.134868536829948482e+01
-9.399999999999664624e+00 1.171411177754402111e+01
-9.299999999999663203e+00 1.258466939449310296e+01
-9.199999999999661782e+00 1.285264404773712243e+01
-9.099999999999660361e+00 1.327001314043998725e+01
-8.999999999999658939e+00 1.295341635704040506e+01
-8.899999999999657518e+00 1.251748893141746599e+01
-8.799999999999656097e+00 1.229463872194290097e+01
-8.699999999999654676e+00 1.162123186826705989e+01
-8.599999999999653255e+00 9.962964465022087879e+00
-8.499999999999651834e+00 9.143689879775047658e+00
-8.399999999999650413e+00 9.919188137054442578e+00
-8.299999999999648992e+00 1.172270383715629549e+01
-8.199999999999647571e+00 1.396540329337120134e+01
-8.099999999999646150e+00 1.510070381283760099e+01
-7.999999999999644729e+00 1.289694363713264380e+01
-7.899999999999643308e+00 8.982348639965056947e+00
-7.799999999999641886e+00 5.367161741852759960e+00
-7.699999999999640465e+00 1.942697911038994807e+00
-7.599999999999639044e+00 1.017658876664936596e+00
-7.499999999999637623e+00 7.521842485433444248e-01
-7.399999999999636202e+00 6.087938295677304268e-01
-7.299999999999634781e+00 5.413681407971308035e-01
-7.199999999999633360e+00 7.102821279549971223e-01
-7.099999999999631939e+00 7.473746666125953286e-01
-6.999999999999630518e+00 5.022580787586048423e-01
-6.899999999999629097e+00 3.536919909407697515e-01
-6.799999999999627676e+00 3.009046526167367119e-01
-6.699999999999626255e+00 2.623062024428509109e-01
-6.599999999999624833e+00 3.237760637397877894e-01
-6.499999999999623412e+00 3.844324423253419609e-01
-6.399999999999621991e+00 4.583577707922086297e-01
-6.299999999999620570e+00 5.102083599544130488e-01
-6.199999999999619149e+00 4.521006121602840766e-01
-6.099999999999617728e+00 2.711315632564946787e-01
-5.999999999999616307e+00 7.718221327253559083e-02
-5.899999999999614886e+00 2.566926022088409851e-02
-5.799999999999613465e+00 3.015175843152974322e-02
-5.699999999999612044e+00 6.053469649014005249e-02
-5.599999999999610623e+00 1.082191607065033229e-01
-5.499999999999609201e+00 1.503335088969834088e-01
-5.399999999999607780e+00 1.406277270970531512e-01
-5.299999999999606359e+00 1.211352636705123609e-01
-5.199999999999604938e+00 1.924045480092172467e-01
-5.099999999999603517e+00 1.613104383844620182e-01
-4.999999999999602096e+00 5.670093020176864007e-02
-4.899999999999600675e+00 3.287492677524823936e-02
-4.799999999999599254e+00 7.504222216237393939e-02
-4.699999999999597833e+00 1.094406310894009970e-01
-4.599999999999596412e+00 5.391976364306174524e-02
-4.499999999999594991e+00 2.980335516761988268e-01
-4.399999999999593570e+00 5.944561706925742817e-01
-4.299999999999592148e+00 3.025844274228438602e-01
-4.199999999999590727e+00 4.677686615008860849e-01
-4.099999999999589306e+00 1.160601784028112871e+00
-3.999999999999587885e+00 4.036038780212402699e+00
-3.899999999999586464e+00 6.659714140892028844e+00
-3.799999999999585043e+00 9.714732441902160787e+00
-3.699999999999583622e+00 1.181573019504547162e+01
-3.599999999999582201e+00 1.228527841329574599e+01
-3.499999999999580780e+00 1.108701758623123190e+01
-3.399999999999579359e+00 1.064434657216072111e+01
-3.299999999999577938e+00 8.918765137195586945e+00
-3.199999999999576517e+00 8.464250598549842408e+00
-3.099999999999575095e+00 7.189965426921844482e+00
-2.999999999999573674e+00 8.490832116007805297e+00
-2.899999999999572253e+00 8.479757993817329975e+00
-2.799999999999570832e+00 8.545560536384583017e+00
-2.699999999999569411e+00 8.438659422397613241e+00
-2.599999999999567990e+00 9.077705488801003142e+00
-2.499999999999566569e+00 7.324466326832771657e+00
-2.399999999999565148e+00 5.184610097408294926e+00
-2.299999999999563727e+00 3.827219707667827819e+00
-2.199999999999562306e+00 2.939848338961601470e+00
-2.099999999999560885e+00 2.429478123933076716e+00
-1.999999999999559464e+00 2.250366825610399246e+00
-1.899999999999558042e+00 2.552351252809166748e+00
-1.799999999999556621e+00 2.926737804561853284e+00
-1.699999999999555200e+00 3.863035512864589904e+00
-1.599999999999553779e+00 4.762340311110019542e+00
-1.499999999999552358e+00 5.449844882190227224e+00
-1.399999999999550937e+00 5.684493399560451188e+00
-1.299999999999549516e+00 5.754939497709274043e+00
-1.199999999999548095e+00 5.661180156469344915e+00
-1.099999999999546674e+00 5.303979599475860951e+00
-9.999999999995452526e-01 5.816422321200370504e+00
-8.999999999995438316e-01 6.305580722093582224e+00
-7.999999999995424105e-01 6.571261185407638372e+00
-6.999999999995409894e-01 7.203413840532302714e+00
-5.999999999995395683e-01 7.470147580504417739e+00
-4.999999999995381472e-01 8.047698882222174888e+00
-3.999999999995367261e-01 8.603179922103882049e+00
-2.999999999995353051e-01 9.511585031747818775e+00
-1.999999999995338840e-01 1.157120067715644751e+01
-9.999999999953246288e-02 1.375214092969894430e+01
4.689582056016661227e-13 1.691707350611686778e+01
1.000000000004703793e-01 1.999884425640106045e+01
2.000000000004718004e-01 2.250125368595123376e+01
3.000000000004732215e-01 2.408323324441909818e+01
4.000000000004746425e-01 2.449721353769302468e+01
5.000000000004760636e-01 2.476022767066955410e+01
6.000000000004774847e-01 2.626684771299362353e+01
7.000000000004789058e-01 2.698250607490539466e+01
8.000000000004803269e-01 2.720762394189834765e+01
9.000000000004817480e-01 2.516837990999221830e+01
1.000000000000483169e+00 2.197355133533477911e+01
