-3.300000000000000000e+01 5.969300227661733651e-05
-3.289999999999999858e+01 0.000000000000000000e+00
-3.279999999999999716e+01 7.188012206825078086e-05
-3.269999999999999574e+01 2.002562898269388716e-04
-3.259999999999999432e+01 4.176795397142996297e-05
-3.249999999999999289e+01 6.643830551183782301e-05
-3.239999999999999147e+01 5.238149897195398570e-06
-3.229999999999999005e+01 6.041121552698314353e-05
-3.219999999999998863e+01 1.709519221913069573e-04
-3.209999999999998721e+01 3.324091492686420381e-05
-3.199999999999998579e+01 4.243011237122118636e-05
-3.189999999999998437e+01 1.268818834796547976e-04
-3.179999999999998295e+01 2.546980540500953726e-05
-3.169999999999998153e+01 3.089543664827943173e-05
-3.159999999999998010e+01 2.282044515595771355e-06
-3.149999999999997868e+01 0.000000000000000000e+00
-3.139999999999997726e+01 2.296554681379348189e-05
-3.129999999999997584e+01 7.399195572361350710e-05
-3.119999999999997442e+01 5.644699442200362574e-05
-3.109999999999997300e+01 3.834386507514864401e-04
-3.099999999999997158e+01 7.965037162648514130e-04
-3.089999999999997016e+01 6.003477919148280826e-04
-3.079999999999996874e+01 8.455015326035209054e-05
-3.069999999999996732e+01 0.000000000000000000e+00
-3.059999999999996589e+01 2.975823241285979626e-05
-3.049999999999996447e+01 8.393528871238231822e-05
-3.039999999999996305e+01 2.241999667603522458e-05
-3.029999999999996163e+01 5.138067441293969832e-05
-3.019999999999996021e+01 5.736252787755801969e-06
-3.009999999999995879e+01 0.000000000000000000e+00
-2.999999999999995737e+01 6.019846186973154443e-06
-2.989999999999995595e+01 0.000000000000000000e+00
-2.979999999999995453e+01 5.691574537195265618e-05
-2.969999999999995310e+01 1.773516795583418527e-04
-2.959999999999995168e+01 2.234043896896764604e-04
-2.949999999999995026e+01 2.121762548995320739e-04
-2.939999999999994884e+01 1.000545176216860455e-02
-2.929999999999994742e+01 2.530610732370405444e-02
-2.919999999999994600e+01 9.565992705174721292e-03
-2.909999999999994458e+01 1.809166063321754271e-04
-2.899999999999994316e+01 4.582412203308194724e-04
-2.889999999999994174e+01 1.780607683758717041e-04
-2.879999999999994031e+01 0.000000000000000000e+00
-2.869999999999993889e+01 1.203613123834656938e-08
-2.859999999999993747e+01 2.786226599710062268e-05
-2.849999999999993605e+01 1.080754998838529065e-05
-2.839999999999993463e+01 4.130600835196673572e-05
-2.829999999999993321e+01 5.970645157503895272e-05
-2.819999999999993179e+01 2.863736707018688446e-02
-2.809999999999993037e+01 6.973148779012262877e-02
-2.799999999999992895e+01 2.880026073195040073e-02
-2.789999999999992752e+01 5.639449733309447738e-02
-2.779999999999992610e+01 1.269385486654937278e-01
-2.769999999999992468e+01 6.936594667844474260e-02
-2.759999999999992326e+01 4.622018523959923499e-03
-2.749999999999992184e+01 1.068791604484431511e-04
-2.739999999999992042e+01 1.979818047402659485e-05
-2.729999999999991900e+01 0.000000000000000000e+00
-2.719999999999991758e+01 2.280164463445544362e-04
-2.709999999999991616e+01 5.320266773924231920e-04
-2.699999999999991473e+01 2.248857705853879517e-04
-2.689999999999991331e+01 4.599786421749741056e-05
-2.679999999999991189e+01 1.502226957381935779e-04
-2.669999999999991047e+01 4.877059342106804469e-05
-2.659999999999990905e+01 8.663611079100518673e-06
-2.649999999999990763e+01 7.468834519386291843e-07
-2.639999999999990621e+01 2.035106951370835369e-04
-2.629999999999990479e+01 5.948806763626634641e-04
-2.619999999999990337e+01 1.325930852908641024e-04
-2.609999999999990195e+01 0.000000000000000000e+00
-2.599999999999990052e+01 1.893624205113155629e-02
-2.589999999999989910e+01 4.044276203698245892e-02
-2.579999999999989768e+01 1.956541554289287915e-02
-2.569999999999989626e+01 3.121405025012791428e-05
-2.559999999999989484e+01 7.558156920254078029e-05
-2.549999999999989342e+01 2.087581506930291772e-04
-2.539999999999989200e+01 7.440459681674838012e-05
-2.529999999999989058e+01 1.552613102830946581e-05
-2.519999999999988916e+01 0.000000000000000000e+00
-2.509999999999988773e+01 0.000000000000000000e+00
-2.499999999999988631e+01 1.365306624211370902e-04
-2.489999999999988489e+01 4.227595136035233541e-04
-2.479999999999988347e+01 1.335774780454812506e-04
-2.469999999999988205e+01 1.066007930785417519e-04
-2.459999999999988063e+01 3.772425698116421971e-05
-2.449999999999987921e+01 4.423995036631822369e-04
-2.439999999999987779e+01 9.266543202102184296e-04
-2.429999999999987637e+01 4.478862415999174140e-04
-2.419999999999987494e+01 0.000000000000000000e+00
-2.409999999999987352e+01 0.000000000000000000e+00
-2.399999999999987210e+01 0.000000000000000000e+00
-2.389999999999987068e+01 0.000000000000000000e+00
-2.379999999999986926e+01 0.000000000000000000e+00
-2.369999999999986784e+01 4.949475236435318861e-04
-2.359999999999986642e+01 1.698439514148049161e-03
-2.349999999999986500e+01 9.064388301521830770e-04
-2.339999999999986358e+01 6.301468887371015383e-03
-2.329999999999986215e+01 1.468637773723457940e-02
-2.319999999999986073e+01 6.015318181162001600e-03
-2.309999999999985931e+01 2.224374324330710695e-02
-2.299999999999985789e+01 5.082640511729550475e-02
-2.289999999999985647e+01 2.266814146525575682e-02
-2.279999999999985505e+01 2.552601008210331006e-04
-2.269999999999985363e+01 0.000000000000000000e+00
-2.259999999999985221e+01 0.000000000000000000e+00
-2.249999999999985079e+01 0.000000000000000000e+00
-2.239999999999984936e+01 5.986396589674427941e-03
-2.229999999999984794e+01 1.447073425679263822e-02
-2.219999999999984652e+01 5.909503093716921354e-03
-2.209999999999984510e+01 4.706683102995157496e-07
-2.199999999999984368e+01 3.585816593840718134e-05
-2.189999999999984226e+01 1.049422030337154903e-04
-2.179999999999984084e+01 2.002160239499062354e-05
-2.169999999999983942e+01 0.000000000000000000e+00
-2.159999999999983800e+01 6.346846232190727537e-05
-2.149999999999983658e+01 2.000263100489973935e-04
-2.139999999999983515e+01 1.088768251938745414e-03
-2.129999999999983373e+01 2.214691308327019267e-03
-2.119999999999983231e+01 4.010439097182825346e-03
-2.109999999999983089e+01 5.727230259217321907e-03
-2.099999999999982947e+01 9.208280030870810359e-03
-2.089999999999982805e+01 1.936064219840773204e-02
-2.079999999999982663e+01 2.845554683619411565e-02
-2.069999999999982521e+01 1.218489313311874878e-01
-2.059999999999982379e+01 2.647212905623018697e-01
-2.049999999999982236e+01 4.682695327699184507e-01
-2.039999999999982094e+01 8.247261451184749736e-01
-2.029999999999981952e+01 1.197528505325317294e+00
-2.019999999999981810e+01 1.612256949841976095e+00
-2.009999999999981668e+01 1.890670779347419783e+00
-1.999999999999981526e+01 1.962797198295593182e+00
-1.989999999999981384e+01 1.973166486024856559e+00
-1.979999999999981242e+01 1.818639047741889891e+00
-1.969999999999981100e+01 1.684692295789718575e+00
-1.959999999999980957e+01 1.520063794255256617e+00
-1.949999999999980815e+01 1.338632407486438858e+00
-1.939999999999980673e+01 1.123035075366497049e+00
-1.929999999999980531e+01 9.445538829267025038e-01
-1.919999999999980389e+01 7.594933609664440421e-01
-1.909999999999980247e+01 8.170038007199764696e-01
-1.899999999999980105e+01 8.939893873035907879e-01
-1.889999999999979963e+01 9.667123889923096014e-01
-1.879999999999979821e+01 9.760337948799133745e-01
-1.869999999999979678e+01 8.813347345590591964e-01
-1.859999999999979536e+01 8.526464045047760232e-01
-1.849999999999979394e+01 8.781183367967605458e-01
-1.839999999999979252e+01 8.631254419684409873e-01
-1.829999999999979110e+01 8.013685512542724210e-01
-1.819999999999978968e+01 8.296528248488903579e-01
-1.809999999999978826e+01 7.501594269275665416e-01
-1.799999999999978684e+01 6.835744209587574227e-01
-1.789999999999978542e+01 8.026239851117134005e-01
-1.779999999999978400e+01 8.018131175637245311e-01
-1.769999999999978257e+01 7.446848966181278673e-01
-1.759999999999978115e+01 6.350214962661265838e-01
-1.749999999999977973e+01 5.115892311930656522e-01
-1.739999999999977831e+01 4.516861820966005525e-01
-1.729999999999977689e+01 5.406505613029003454e-01
-1.719999999999977547e+01 6.737127949297427865e-01
-1.709999999999977405e+01 7.372600959241389917e-01
-1.699999999999977263e+01 6.385414369404316393e-01
-1.689999999999977121e+01 5.425435343384742426e-01
-1.679999999999976978e+01 5.429686564207076849e-01
-1.669999999999976836e+01 5.566294938325881958e-01
-1.659999999999976694e+01 5.184771924465895188e-01
-1.649999999999976552e+01 4.709483125805855042e-01
-1.639999999999976410e+01 4.978852517902850883e-01
-1.629999999999976268e+01 4.615845838934183321e-01
-1.619999999999976126e+01 4.191910104453563934e-01
-1.609999999999975984e+01 3.688925521820783371e-01
-1.599999999999975842e+01 3.505623975768685230e-01
-1.589999999999975699e+01 3.957343804836273016e-01
-1.579999999999975557e+01 3.821178842335939407e-01
-1.569999999999975415e+01 4.693002433329820366e-01
-1.559999999999975273e+01 6.820212909579277394e-01
-1.549999999999975131e+01 8.416046606004238262e-01
-1.539999999999974989e+01 7.692699341475963681e-01
-1.529999999999974847e+01 7.519680319726467221e-01
-1.519999999999974705e+01 6.040878870338201034e-01
-1.509999999999974563e+01 5.734655356407165616e-01
-1.499999999999974420e+01 6.633011676371097787e-01
-1.489999999999974278e+01 8.641968995332718340e-01
-1.479999999999974136e+01 9.385574635863304094e-01
-1.469999999999973994e+01 1.218298449218273127e+00
-1.459999999999973852e+01 1.377528283596038738e+00
-1.449999999999973710e+01 2.018381078839301956e+00
-1.439999999999973568e+01 2.858453725576400650e+00
-1.429999999999973426e+01 3.679463192224502688e+00
-1.419999999999973284e+01 4.269321717023849772e+00
-1.409999999999973141e+01 4.391547603607177663e+00
-1.399999999999972999e+01 3.687528483867645424e+00
-1.389999999999972857e+01 2.761353383660316574e+00
-1.379999999999972715e+01 1.885255853533744919e+00
-1.369999999999972573e+01 1.209877148866653540e+00
-1.359999999999972431e+01 7.941311131417750913e-01
-1.349999999999972289e+01 4.579397197812795639e-01
-1.339999999999972147e+01 2.762536178715527257e-01
-1.329999999999972005e+01 1.589008615119382739e-01
-1.319999999999971863e+01 8.980654212646185797e-02
-1.309999999999971720e+01 4.245662566507234920e-02
-1.299999999999971578e+01 3.581595444407867368e-02
-1.289999999999971436e+01 2.622339960241020992e-02
-1.279999999999971294e+01 2.913434718386270078e-02
-1.269999999999971152e+01 1.639063327413168777e-02
-1.259999999999971010e+01 4.649629606283269857e-03
-1.249999999999970868e+01 5.482413545687450304e-03
-1.239999999999970726e+01 8.590177942405716888e-03
-1.229999999999970584e+01 2.015856932848691940e-02
-1.219999999999970441e+01 7.755662140552885275e-02
-1.209999999999970299e+01 2.268613424710929360e-01
-1.199999999999970157e+01 7.000726345181464971e-01
-1.189999999999970015e+01 1.253064714968204596e+00
-1.179999999999969873e+01 1.764310010075569091e+00
-1.169999999999969731e+01 1.998944486975669843e+00
-1.159999999999969589e+01 2.120467674136161662e+00
-1.149999999999969447e+01 2.094688239097595162e+00
-1.139999999999969305e+01 1.917544285655021774e+00
-1.129999999999969162e+01 1.806592369079589755e+00
-1.119999999999969020e+01 1.684975735545158448e+00
-1.109999999999968878e+01 1.681187590956688016e+00
-1.099999999999968736e+01 1.791806621253490439e+00
-1.089999999999968594e+01 2.052699281573295398e+00
-1.079999999999968452e+01 2.259479196667671275e+00
-1.069999999999968310e+01 2.800577629208564900e+00
-1.059999999999968168e+01 3.137834633588791000e+00
-1.049999999999968026e+01 3.439218320846557653e+00
-1.039999999999967883e+01 3.493704593181610196e+00
-1.029999999999967741e+01 3.520341135263442833e+00
-1.019999999999967599e+01 3.257699119448661751e+00
-1.009999999999967457e+01 2.934565383195876898e+00
-9.999999999999673150e+00 2.571815317869186490e+00
-9.899999999999671729e+00 2.283660680651664610e+00
-9.799999999999670308e+00 2.058261333703994556e+00
-9.699999999999668887e+00 2.031625399589538361e+00
-9.599999999999667466e+00 2.143008078932762128e+00
-9.499999999999666045e+00 2.276369878649711520e+00
-9.399999999999664624e+00 2.483471267223358314e+00
-9.299999999999663203e+00 2.483354977369308436e+00
-9.199999999999661782e+00 2.622483090162277097e+00
-9.099999999999660361e+00 2.634779807925224482e+00
-8.999999999999658939e+00 2.490465275645255883e+00
-8.899999999999657518e+00 2.361646082997322260e+00
-8.799999999999656097e+00 2.488899478912353302e+00
-8.699999999999654676e+00 2.689943473935127116e+00
-8.599999999999653255e+00 2.941857533454895091e+00
-8.499999999999651834e+00 3.254530497193336647e+00
-8.399999999999650413e+00 3.527331758737564105e+00
-8.299999999999648992e+00 3.745780767202377515e+00
-8.199999999999647571e+00 3.823785907030105680e+00
-8.099999999999646150e+00 4.035099678039550497e+00
-7.999999999999644729e+00 4.263019984960555675e+00
-7.899999999999643308e+00 4.569467489719390763e+00
-7.799999999999641886e+00 4.976257470846175757e+00
-7.699999999999640465e+00 5.276202120780944860e+00
-7.599999999999639044e+00 5.423792878389358307e+00
-7.499999999999637623e+00 5.478346402645111191e+00
-7.399999999999636202e+00 5.291826274394988872e+00
-7.299999999999634781e+00 5.069034562110901199e+00
-7.199999999999633360e+00 4.752205846309661474e+00
-7.099999999999631939e+00 4.117176142930984106e+00
-6.999999999999630518e+00 3.333777215480804301e+00
-6.899999999999629097e+00 2.514970269799232661e+00
-6.799999999999627676e+00 1.684019492268562290e+00
-6.699999999999626255e+00 1.095136814564466432e+00
-6.599999999999624833e+00 7.780364732444285947e-01
-6.499999999999623412e+00 6.059800583124160811e-01
-6.399999999999621991e+00 4.438826990872621336e-01
-6.299999999999620570e+00 3.333524915948510303e-01
-6.199999999999619149e+00 1.671751107976888195e-01
-6.099999999999617728e+00 1.141851146260887684e-01
-5.999999999999616307e+00 3.985814156709238665e-02
-5.899999999999614886e+00 2.145006850907520829e-02
-5.799999999999613465e+00 8.251873359358796040e-03
-5.699999999999612044e+00 8.788928407011553255e-04
-5.599999999999610623e+00 3.999655757797881701e-04
-5.499999999999609201e+00 1.681853597983717908e-04
-5.399999999999607780e+00 2.583679463714360931e-04
-5.299999999999606359e+00 3.148697648913411935e-04
-5.199999999999604938e+00 5.372196527605410622e-04
-5.099999999999603517e+00 3.356983285630121892e-04
-4.999999999999602096e+00 2.995955558799323561e-04
-4.899999999999600675e+00 1.080275484127923792e-04
-4.799999999999599254e+00 2.870358293876051835e-05
-4.699999999999597833e+00 4.363820917205885053e-04
-4.599999999999596412e+00 9.850895684212447254e-04
-4.499999999999594991e+00 3.499065485084429643e-04
-4.399999999999593570e+00 2.471856667170868388e-04
-4.299999999999592148e+00 6.676042405888437965e-04
-4.199999999999590727e+00 1.105181956663727838e-03
-4.099999999999589306e+00 1.760816301684826543e-03
-3.999999999999587885e+00 1.143417649436742102e-03
-3.899999999999586464e+00 9.828664083033800299e-04
-3.799999999999585043e+00 1.767628125962801208e-03
-3.699999999999583622e+00 7.398709142580628135e-04
-3.599999999999582201e+00 5.026488716766408776e-04
-3.499999999999580780e+00 2.410414568712440034e-03
-3.399999999999579359e+00 5.665359977865591689e-04
-3.299999999999577938e+00 1.906534703448414900e-04
-3.199999999999576517e+00 7.712078047916292711e-05
-3.099999999999575095e+00 4.830076941289007799e-05
-2.999999999999573674e+00 1.802997244521975615e-04
-2.899999999999572253e+00 1.845554332248866666e-04
-2.799999999999570832e+00 2.896532445447519340e-05
-2.699999999999569411e+00 1.473682117648422738e-05
-2.599999999999567990e+00 1.553338521625846494e-04
-2.499999999999566569e+00 2.480260966694913544e-04
-2.399999999999565148e+00 9.730695979669690620e-05
-2.299999999999563727e+00 0.000000000000000000e+00
-2.199999999999562306e+00 0.000000000000000000e+00
-2.099999999999560885e+00 4.475756082683801868e-04
-1.999999999999559464e+00 9.836945123970508055e-04
-1.899999999999558042e+00 6.543080974370240905e-04
-1.799999999999556621e+00 7.680300856009125113e-05
-1.699999999999555200e+00 6.037544130231254323e-04
-1.599999999999553779e+00 2.117149841324135386e-03
-1.499999999999552358e+00 3.798370532495027804e-03
-1.399999999999550937e+00 4.333919088699076175e-03
-1.299999999999549516e+00 5.519035938195884089e-03
-1.199999999999548095e+00 1.349274869513578806e-02
-1.099999999999546674e+00 2.735805838376108995e-02
-9.999999999995452526e-01 2.709071130305528707e-01
-8.999999999995438316e-01 5.524718226492404405e-01
-7.999999999995424105e-01 1.186043800413608462e+00
-6.999999999995409894e-01 1.993290579915046656e+00
-5.999999999995395683e-01 2.763670567274093770e+00
-4.999999999995381472e-01 3.472052335739135742e+00
-3.999999999995367261e-01 4.337008488178253351e+00
-2.999999999995353051e-01 4.809513927698135127e+00
-1.999999999995338840e-01 5.379688832759857320e+00
-9.999999999953246288e-02 5.499544723033904958e+00
4.689582056016661227e-13 5.485993856191635487e+00
1.000000000004703793e-01 5.715028338432311728e+00
2.000000000004718004e-01 6.030177762508392547e+00
3.000000000004732215e-01 6.454098343849182129e+00
4.000000000004746425e-01 6.608055145740508785e+00
5.000000000004760636e-01 6.237687184810638108e+00
6.000000000004774847e-01 6.302186100482940923e+00
7.000000000004789058e-01 6.808609185218810644e+00
8.000000000004803269e-01 7.666302001476287487e+00
9.000000000004817480e-01 8.779649605751037811e+00
1.000000000000483169e+00 9.164256484508515044e+00
