-3.300000000000000000e+01 5.760575939901173281e-02
-3.289999999999999858e+01 1.140272618184099002e-01
-3.279999999999999716e+01 5.981676290219183761e-02
-3.269999999999999574e+01 6.444951962912455479e-03
-3.259999999999999432e+01 2.861225664062658214e-02
-3.249999999999999289e+01 8.179964344482869298e-02
-3.239999999999999147e+01 6.720175148089765904e-02
-3.229999999999999005e+01 2.127773569212877344e-02
-3.219999999999998863e+01 1.860364281943930123e-02
-3.209999999999998721e+01 1.554053335357457322e-01
-3.199999999999998579e+01 3.144587432965636475e-01
-3.189999999999998437e+01 2.042231636401265760e-01
-3.179999999999998295e+01 6.923603040282615140e-02
-3.169999999999998153e+01 9.078054371260804722e-02
-3.159999999999998010e+01 6.901897032558917955e-01
-3.149999999999997868e+01 1.356254816651344397e+00
-3.139999999999997726e+01 1.027142655998468435e+00
-3.129999999999997584e+01 5.178859857469797490e-01
-3.119999999999997442e+01 3.956947651505470231e-01
-3.109999999999997300e+01 4.067226624302566207e-01
-3.099999999999997158e+01 2.034685297217219968e-01
-3.089999999999997016e+01 2.239924009554670331e-03
-3.079999999999996874e+01 1.289803933468647388e-03
-3.069999999999996732e+01 4.762295375112444301e-03
-3.059999999999996589e+01 9.800736502802465458e-03
-3.049999999999996447e+01 1.234144021003885476e-02
-3.039999999999996305e+01 1.651324108286644429e-02
-3.029999999999996163e+01 1.257128276542061884e-02
-3.019999999999996021e+01 3.803544074071396434e-03
-3.009999999999995879e+01 2.225463543087244020e-02
-2.999999999999995737e+01 4.350343188678380130e-02
-2.989999999999995595e+01 2.555843425534021565e-02
-2.979999999999995453e+01 8.440487376123201324e-02
-2.969999999999995310e+01 1.772983612201642356e-01
-2.959999999999995168e+01 1.016309180500206827e-01
-2.949999999999995026e+01 4.679186584857233933e-02
-2.939999999999994884e+01 5.280803160014329450e-02
-2.929999999999994742e+01 4.572278215375263216e-02
-2.919999999999994600e+01 3.950193264681729766e-02
-2.909999999999994458e+01 3.271260175366478423e-02
-2.899999999999994316e+01 2.194772142567671946e-02
-2.889999999999994174e+01 4.175593623525244991e-02
-2.879999999999994031e+01 6.652164421335328426e-02
-2.869999999999993889e+01 3.344384258009085870e-02
-2.859999999999993747e+01 1.720930041465908167e-01
-2.849999999999993605e+01 3.638939793035387837e-01
-2.839999999999993463e+01 2.008325272053480270e-01
-2.829999999999993321e+01 3.949274551734561350e-02
-2.819999999999993179e+01 6.007270129770040379e-01
-2.809999999999993037e+01 1.295920619666576457e+00
-2.799999999999992895e+01 9.711882186681032314e-01
-2.789999999999992752e+01 2.332311493903398425e-01
-2.779999999999992610e+01 2.279606151022016969e-01
-2.769999999999992468e+01 3.434838648140430273e-01
-2.759999999999992326e+01 1.607671567588113137e-01
-2.749999999999992184e+01 7.220632674305988916e-03
-2.739999999999992042e+01 4.060537756013218522e-03
-2.729999999999991900e+01 4.358354340802179927e-03
-2.719999999999991758e+01 1.087982233468210401e-02
-2.709999999999991616e+01 1.907753295319707804e-02
-2.699999999999991473e+01 2.301794448634609525e-01
-2.689999999999991331e+01 4.472063518781215219e-01
-2.679999999999991189e+01 2.409402122022584192e-01
-2.669999999999991047e+01 8.039480251434724667e-02
-2.659999999999990905e+01 1.476060084157506946e-01
-2.649999999999990763e+01 1.210676603077445179e-01
-2.639999999999990621e+01 4.143781795370159865e-02
-2.629999999999990479e+01 1.441297735000262106e-02
-2.619999999999990337e+01 8.295671779327676298e-02
-2.609999999999990195e+01 1.608929160173283857e-01
-2.599999999999990052e+01 8.617701998096891081e-02
-2.589999999999989910e+01 2.159814653598005063e-02
-2.579999999999989768e+01 1.315652247983962186e-01
-2.569999999999989626e+01 3.066445065848529272e-01
-2.559999999999989484e+01 2.566673579066992006e-01
-2.549999999999989342e+01 9.686879965011030436e-02
-2.539999999999989200e+01 3.670858274650527081e-02
-2.529999999999989058e+01 2.658588545476959705e-02
-2.519999999999988916e+01 7.043023804260883924e-02
-2.509999999999988773e+01 1.098741983331274208e-01
-2.499999999999988631e+01 3.408119055815040932e-01
-2.489999999999988489e+01 6.015427908673882662e-01
-2.479999999999988347e+01 3.564658265188336284e-01
-2.469999999999988205e+01 4.292224132746923909e-02
-2.459999999999988063e+01 1.278733999299583868e-01
-2.449999999999987921e+01 2.518387295189313813e-01
-2.439999999999987779e+01 1.343424128566402809e-01
-2.429999999999987637e+01 2.396946196407952895e-02
-2.419999999999987494e+01 1.087085002806270490e-01
-2.409999999999987352e+01 1.835555767023470120e-01
-2.399999999999987210e+01 1.212942063238006130e-01
-2.389999999999987068e+01 7.323800750207737353e-02
-2.379999999999986926e+01 1.567884877882897987e-01
-2.369999999999986784e+01 2.551553488287027216e-01
-2.359999999999986642e+01 1.420223241182975438e-01
-2.349999999999986500e+01 2.983309228889993378e-02
-2.339999999999986358e+01 2.239213218097575037e-02
-2.329999999999986215e+01 3.254928394424496524e-02
-2.319999999999986073e+01 5.465067752025788705e-02
-2.309999999999985931e+01 3.170214082987513060e-02
-2.299999999999985789e+01 4.754300709144445442e-02
-2.289999999999985647e+01 8.434176978509640155e-02
-2.279999999999985505e+01 8.344025858037638910e-02
-2.269999999999985363e+01 8.666232570001738966e-02
-2.259999999999985221e+01 6.562891264795325807e-02
-2.249999999999985079e+01 4.397481814085153762e-02
-2.239999999999984936e+01 3.504769909493916230e-02
-2.229999999999984794e+01 1.938234210174414468e-02
-2.219999999999984652e+01 1.984731078206095761e-02
-2.209999999999984510e+01 1.147430421336321227e-01
-2.199999999999984368e+01 3.574383342533837826e-01
-2.189999999999984226e+01 4.430251803493592822e-01
-2.179999999999984084e+01 2.589174005220411523e-01
-2.169999999999983942e+01 1.819866510730935305e-01
-2.159999999999983800e+01 3.739462335873395271e-01
-2.149999999999983658e+01 5.571277135983109252e-01
-2.139999999999983515e+01 4.812214880436658793e-01
-2.129999999999983373e+01 4.275900109671056382e-01
-2.119999999999983231e+01 4.166031674109399452e-01
-2.109999999999983089e+01 9.877717177569865781e-01
-2.099999999999982947e+01 1.719625571966171274e+00
-2.089999999999982805e+01 2.600546858310699427e+00
-2.079999999999982663e+01 3.354469581842422610e+00
-2.069999999999982521e+01 4.499426121711731064e+00
-2.059999999999982379e+01 4.973750621080398560e+00
-2.049999999999982236e+01 4.764732538461685429e+00
-2.039999999999982094e+01 4.882093073129653682e+00
-2.029999999999981952e+01 5.418284897804260147e+00
-2.019999999999981810e+01 6.110423673391341737e+00
-2.009999999999981668e+01 6.447503954172134399e+00
-1.999999999999981526e+01 6.397015031576156474e+00
-1.989999999999981384e+01 6.370159910917282176e+00
-1.979999999999981242e+01 5.743989901542663645e+00
-1.969999999999981100e+01 4.621920686960220515e+00
-1.959999999999980957e+01 4.368718310594558396e+00
-1.949999999999980815e+01 4.440684242248535085e+00
-1.939999999999980673e+01 4.619380313158035101e+00
-1.929999999999980531e+01 5.993107169866561890e+00
-1.919999999999980389e+01 7.028097892999649154e+00
-1.909999999999980247e+01 5.176951442956924332e+00
-1.899999999999980105e+01 3.490260683298111122e+00
-1.889999999999979963e+01 3.324894493818283170e+00
-1.879999999999979821e+01 2.781564050316810643e+00
-1.869999999999979678e+01 2.411026901900768404e+00
-1.859999999999979536e+01 2.384595160782337242e+00
-1.849999999999979394e+01 2.377259886860847438e+00
-1.839999999999979252e+01 2.777420625686645383e+00
-1.829999999999979110e+01 5.070272870063782022e+00
-1.819999999999978968e+01 8.855115294456481934e+00
-1.809999999999978826e+01 1.107172852993011425e+01
-1.799999999999978684e+01 1.168990411520004358e+01
-1.789999999999978542e+01 1.097013356924056993e+01
-1.779999999999978400e+01 8.521533887386322448e+00
-1.769999999999978257e+01 4.789916113615036330e+00
-1.759999999999978115e+01 2.520733841657638585e+00
-1.749999999999977973e+01 1.511683535277843493e+00
-1.739999999999977831e+01 1.485174516141414713e+00
-1.729999999999977689e+01 2.673529028892517090e+00
-1.719999999999977547e+01 4.034989457130432555e+00
-1.709999999999977405e+01 5.103313457965851008e+00
-1.699999999999977263e+01 5.882002569437027262e+00
-1.689999999999977121e+01 5.204537222385406281e+00
-1.679999999999976978e+01 4.097661761641502309e+00
-1.669999999999976836e+01 3.777584611773491030e+00
-1.659999999999976694e+01 3.809340155124664395e+00
-1.649999999999976552e+01 3.521772517561912341e+00
-1.639999999999976410e+01 4.598939716815948486e+00
-1.629999999999976268e+01 5.756309931278228653e+00
-1.619999999999976126e+01 6.946517046689987041e+00
-1.609999999999975984e+01 8.070498740673064830e+00
-1.599999999999975842e+01 1.004428487062454245e+01
-1.589999999999975699e+01 1.011308522701263435e+01
-1.579999999999975557e+01 6.744723894596099889e+00
-1.569999999999975415e+01 2.687608691453933663e+00
-1.559999999999975273e+01 1.640958871990442214e+00
-1.549999999999975131e+01 1.469397823512554213e+00
-1.539999999999974989e+01 2.391532627344131523e+00
-1.529999999999974847e+01 4.038972072601318075e+00
-1.519999999999974705e+01 4.611297590732574392e+00
-1.509999999999974563e+01 6.633850890398025335e+00
-1.499999999999974420e+01 8.041591029167175719e+00
-1.489999999999974278e+01 7.789078159332275320e+00
-1.479999999999974136e+01 7.675311148166656494e+00
-1.469999999999973994e+01 7.359762364625931141e+00
-1.459999999999973852e+01 5.674671410322189580e+00
-1.449999999999973710e+01 5.237758644819259679e+00
-1.439999999999973568e+01 4.827086055278778431e+00
-1.429999999999973426e+01 4.343003316521644841e+00
-1.419999999999973284e+01 4.562887083292007873e+00
-1.409999999999973141e+01 5.705128297805786453e+00
-1.399999999999972999e+01 6.444247784614563379e+00
-1.389999999999972857e+01 6.433851320743560365e+00
-1.379999999999972715e+01 6.470823175907135294e+00
-1.369999999999972573e+01 6.395257891416549434e+00
-1.359999999999972431e+01 6.782690023183822525e+00
-1.349999999999972289e+01 6.589908928871154536e+00
-1.339999999999972147e+01 5.417149980068206361e+00
-1.329999999999972005e+01 4.411583717465401122e+00
-1.319999999999971863e+01 3.463522406816482491e+00
-1.309999999999971720e+01 2.994424417018890505e+00
-1.299999999999971578e+01 3.445619124770164632e+00
-1.289999999999971436e+01 5.261286689043044973e+00
-1.279999999999971294e+01 6.379422175884246649e+00
-1.269999999999971152e+01 7.081672722101211903e+00
-1.259999999999971010e+01 6.900282300710678385e+00
-1.249999999999970868e+01 7.423187752962112640e+00
-1.239999999999970726e+01 6.542874462604522989e+00
-1.229999999999970584e+01 7.121262456178665268e+00
-1.219999999999970441e+01 7.076276510953903198e+00
-1.209999999999970299e+01 7.394894707202911199e+00
-1.199999999999970157e+01 7.934751927852630615e+00
-1.189999999999970015e+01 9.406675322055816579e+00
-1.179999999999969873e+01 8.993222179412841299e+00
-1.169999999999969731e+01 8.048136363029479767e+00
-1.159999999999969589e+01 7.507841573953628611e+00
-1.149999999999969447e+01 8.108547227382659983e+00
-1.139999999999969305e+01 9.415739665031432892e+00
-1.129999999999969162e+01 9.850021762847900320e+00
-1.119999999999969020e+01 8.538750979900360250e+00
-1.109999999999968878e+01 8.096934943199157075e+00
-1.099999999999968736e+01 7.986131851673126114e+00
-1.089999999999968594e+01 8.259152140617370463e+00
-1.079999999999968452e+01 8.553548133373260143e+00
-1.069999999999968310e+01 9.506835200786589724e+00
-1.059999999999968168e+01 1.182929738759994542e+01
-1.049999999999968026e+01 1.435050844430923433e+01
-1.039999999999967883e+01 1.508271271705627470e+01
-1.029999999999967741e+01 1.397336083889007519e+01
-1.019999999999967599e+01 1.183909508228301988e+01
-1.009999999999967457e+01 1.022203517675399809e+01
-9.999999999999673150e+00 9.541852104663849587e+00
-9.899999999999671729e+00 8.832556729316712207e+00
-9.799999999999670308e+00 7.980991473197937225e+00
-9.699999999999668887e+00 7.697558605670929310e+00
-9.599999999999667466e+00 8.233103417158126547e+00
-9.499999999999666045e+00 8.559211442470550324e+00
-9.399999999999664624e+00 8.458048946857452677e+00
-9.299999999999663203e+00 1.077559096813201833e+01
-9.199999999999661782e+00 1.193404049634933450e+01
-9.099999999999660361e+00 1.410273033857345659e+01
-8.999999999999658939e+00 1.506198060035705488e+01
-8.899999999999657518e+00 1.604550872325897259e+01
-8.799999999999656097e+00 1.597281207561492877e+01
-8.699999999999654676e+00 1.510250877857208174e+01
-8.599999999999653255e+00 1.727767769336700354e+01
-8.499999999999651834e+00 2.060581111907958984e+01
-8.399999999999650413e+00 1.843153432846069251e+01
-8.299999999999648992e+00 1.554987117290496812e+01
-8.199999999999647571e+00 1.398422432899475076e+01
-8.099999999999646150e+00 1.098900322437286370e+01
-7.999999999999644729e+00 1.021325523376464872e+01
-7.899999999999643308e+00 1.102860033988952715e+01
-7.799999999999641886e+00 1.250887156248092680e+01
-7.699999999999640465e+00 1.333087976932525720e+01
-7.599999999999639044e+00 1.268186067581176779e+01
-7.499999999999637623e+00 1.169210467815399213e+01
-7.399999999999636202e+00 1.061690739154815688e+01
-7.299999999999634781e+00 1.025646541357040320e+01
-7.199999999999633360e+00 1.050274010181427009e+01
-7.099999999999631939e+00 1.248430878639221220e+01
-6.999999999999630518e+00 1.366943492889404332e+01
-6.899999999999629097e+00 1.319410798788070593e+01
-6.799999999999627676e+00 1.226335278511047377e+01
-6.699999999999626255e+00 1.092558379411697445e+01
-6.599999999999624833e+00 1.167715552568435733e+01
-6.499999999999623412e+00 1.228735578775405912e+01
-6.399999999999621991e+00 1.413154362916946383e+01
-6.299999999999620570e+00 1.569797281265258704e+01
-6.199999999999619149e+00 1.330568148136138973e+01
-6.099999999999617728e+00 8.032267223596573302e+00
-5.999999999999616307e+00 4.737830030322075281e+00
-5.899999999999614886e+00 2.045981115996837740e+00
-5.799999999999613465e+00 8.862402594834566383e-01
-5.699999999999612044e+00 2.883364926686045049e-01
-5.599999999999610623e+00 2.057414450438227460e-01
-5.499999999999609201e+00 1.720061559020541475e-01
-5.399999999999607780e+00 9.530676394701004250e-01
-5.299999999999606359e+00 1.575122291296720434e+00
-5.199999999999604938e+00 1.008611668199300704e+00
-5.099999999999603517e+00 4.181373604730470039e-01
-4.999999999999602096e+00 3.541869611438596688e-01
-4.899999999999600675e+00 3.491417495626956136e-01
-4.799999999999599254e+00 3.905274111963808470e-01
-4.699999999999597833e+00 2.380466942663770069e-01
-4.599999999999596412e+00 1.261810544715263049e-01
-4.499999999999594991e+00 1.028718095298972873e-01
-4.399999999999593570e+00 1.388819993688957810e-01
-4.299999999999592148e+00 1.847049190476536817e-01
-4.199999999999590727e+00 9.913173428038135615e-02
-4.099999999999589306e+00 2.611837635462734356e-02
-3.999999999999587885e+00 2.783361856025294567e-02
-3.899999999999586464e+00 3.139375014269461112e-02
-3.799999999999585043e+00 3.363316017261240576e-02
-3.699999999999583622e+00 4.166655063803773040e-02
-3.599999999999582201e+00 7.592721085762604849e-02
-3.499999999999580780e+00 1.078101748041808555e-01
-3.399999999999579359e+00 1.062384936478338177e-01
-3.299999999999577938e+00 1.846691502956673558e-01
-3.199999999999576517e+00 7.107437742501496736e-01
-3.099999999999575095e+00 1.032788980454206529e+00
-2.999999999999573674e+00 4.842942000925540835e-01
-2.899999999999572253e+00 2.391084183487691972e-02
-2.799999999999570832e+00 1.165723270028829583e+00
-2.699999999999569411e+00 2.194832495748996859e+00
-2.599999999999567990e+00 1.252730607390403650e+00
-2.499999999999566569e+00 1.536774664910626476e-01
-2.399999999999565148e+00 1.479662929312325903e-01
-2.299999999999563727e+00 8.110119137418222990e-02
-2.199999999999562306e+00 1.935987117583863604e-02
-2.099999999999560885e+00 1.075796815949433965e-01
-1.999999999999559464e+00 2.125851702056024695e-01
-1.899999999999558042e+00 1.157006512601219533e-01
-1.799999999999556621e+00 2.923932483929092899e-02
-1.699999999999555200e+00 1.479052432870958111e-01
-1.599999999999553779e+00 2.451576613204088095e-01
-1.499999999999552358e+00 2.153623299999162521e-01
-1.399999999999550937e+00 2.248249530431348786e-01
-1.299999999999549516e+00 3.315584752801805646e-01
-1.199999999999548095e+00 5.256152626499533964e-01
-1.099999999999546674e+00 7.709284166246652692e-01
-9.999999999995452526e-01 1.227035663276910826e+00
-8.999999999995438316e-01 1.665059092640876814e+00
-7.999999999995424105e-01 1.892832565605640394e+00
-6.999999999995409894e-01 2.107533890604972981e+00
-5.999999999995395683e-01 2.670945011973381078e+00
-4.999999999995381472e-01 3.350254527926444847e+00
-3.999999999995367261e-01 3.071967025995254730e+00
-2.999999999995353051e-01 2.264250941276550133e+00
-1.999999999995338840e-01 2.158917201161384636e+00
-9.999999999953246288e-02 1.685552927255630440e+00
4.689582056016661227e-13 1.941344963014125735e+00
1.000000000004703793e-01 2.465828900635242515e+00
2.000000000004718004e-01 2.768724918365478516e+00
3.000000000004732215e-01 2.910788818895816643e+00
4.000000000004746425e-01 3.550531888604163910e+00
5.000000000004760636e-01 3.733512239456176829e+00
6.000000000004774847e-01 3.745694366097450434e+00
7.000000000004789058e-01 4.004730920791626403e+00
8.000000000004803269e-01 3.403800954222679032e+00
9.000000000004817480e-01 1.823590681403875369e+00
1.000000000000483169e+00 1.902805770635604965e+00
