-3.300000000000000000e+01 0.000000000000000000e+00
-3.289999999999999858e+01 0.000000000000000000e+00
-3.279999999999999716e+01 0.000000000000000000e+00
-3.269999999999999574e+01 0.000000000000000000e+00
-3.259999999999999432e+01 0.000000000000000000e+00
-3.249999999999999289e+01 0.000000000000000000e+00
-3.239999999999999147e+01 0.000000000000000000e+00
-3.229999999999999005e+01 0.000000000000000000e+00
-3.219999999999998863e+01 0.000000000000000000e+00
-3.209999999999998721e+01 0.000000000000000000e+00
-3.199999999999998579e+01 0.000000000000000000e+00
-3.189999999999998437e+01 0.000000000000000000e+00
-3.179999999999998295e+01 0.000000000000000000e+00
-3.169999999999998153e+01 0.000000000000000000e+00
-3.159999999999998010e+01 0.000000000000000000e+00
-3.149999999999997868e+01 0.000000000000000000e+00
-3.139999999999997726e+01 0.000000000000000000e+00
-3.129999999999997584e+01 0.000000000000000000e+00
-3.119999999999997442e+01 0.000000000000000000e+00
-3.109999999999997300e+01 0.000000000000000000e+00
-3.099999999999997158e+01 0.000000000000000000e+00
-3.089999999999997016e+01 0.000000000000000000e+00
-3.079999999999996874e+01 0.000000000000000000e+00
-3.069999999999996732e+01 0.000000000000000000e+00
-3.059999999999996589e+01 0.000000000000000000e+00
-3.049999999999996447e+01 0.000000000000000000e+00
-3.039999999999996305e+01 0.000000000000000000e+00
-3.029999999999996163e+01 0.000000000000000000e+00
-3.019999999999996021e+01 0.000000000000000000e+00
-3.009999999999995879e+01 0.000000000000000000e+00
-2.999999999999995737e+01 0.000000000000000000e+00
-2.989999999999995595e+01 0.000000000000000000e+00
-2.979999999999995453e+01 0.000000000000000000e+00
-2.969999999999995310e+01 0.000000000000000000e+00
-2.959999999999995168e+01 0.000000000000000000e+00
-2.949999999999995026e+01 0.000000000000000000e+00
-2.939999999999994884e+01 0.000000000000000000e+00
-2.929999999999994742e+01 0.000000000000000000e+00
-2.919999999999994600e+01 0.000000000000000000e+00
-2.909999999999994458e+01 0.000000000000000000e+00
-2.899999999999994316e+01 0.000000000000000000e+00
-2.889999999999994174e+01 0.000000000000000000e+00
-2.879999999999994031e+01 0.000000000000000000e+00
-2.869999999999993889e+01 0.000000000000000000e+00
-2.859999999999993747e+01 0.000000000000000000e+00
-2.849999999999993605e+01 0.000000000000000000e+00
-2.839999999999993463e+01 0.000000000000000000e+00
-2.829999999999993321e+01 0.000000000000000000e+00
-2.819999999999993179e+01 0.000000000000000000e+00
-2.809999999999993037e+01 0.000000000000000000e+00
-2.799999999999992895e+01 0.000000000000000000e+00
-2.789999999999992752e+01 0.000000000000000000e+00
-2.779999999999992610e+01 0.000000000000000000e+00
-2.769999999999992468e+01 0.000000000000000000e+00
-2.759999999999992326e+01 0.000000000000000000e+00
-2.749999999999992184e+01 0.000000000000000000e+00
-2.739999999999992042e+01 0.000000000000000000e+00
-2.729999999999991900e+01 0.000000000000000000e+00
-2.719999999999991758e+01 0.000000000000000000e+00
-2.709999999999991616e+01 0.000000000000000000e+00
-2.699999999999991473e+01 0.000000000000000000e+00
-2.689999999999991331e+01 0.000000000000000000e+00
-2.679999999999991189e+01 0.000000000000000000e+00
-2.669999999999991047e+01 0.000000000000000000e+00
-2.659999999999990905e+01 0.000000000000000000e+00
-2.649999999999990763e+01 0.000000000000000000e+00
-2.639999999999990621e+01 0.000000000000000000e+00
-2.629999999999990479e+01 0.000000000000000000e+00
-2.619999999999990337e+01 0.000000000000000000e+00
-2.609999999999990195e+01 0.000000000000000000e+00
-2.599999999999990052e+01 0.000000000000000000e+00
-2.589999999999989910e+01 0.000000000000000000e+00
-2.579999999999989768e+01 0.000000000000000000e+00
-2.569999999999989626e+01 0.000000000000000000e+00
-2.559999999999989484e+01 0.000000000000000000e+00
-2.549999999999989342e+01 0.000000000000000000e+00
-2.539999999999989200e+01 0.000000000000000000e+00
-2.529999999999989058e+01 0.000000000000000000e+00
-2.519999999999988916e+01 0.000000000000000000e+00
-2.509999999999988773e+01 0.000000000000000000e+00
-2.499999999999988631e+01 0.000000000000000000e+00
-2.489999999999988489e+01 0.000000000000000000e+00
-2.479999999999988347e+01 0.000000000000000000e+00
-2.469999999999988205e+01 0.000000000000000000e+00
-2.459999999999988063e+01 0.000000000000000000e+00
-2.449999999999987921e+01 0.000000000000000000e+00
-2.439999999999987779e+01 0.000000000000000000e+00
-2.429999999999987637e+01 0.000000000000000000e+00
-2.419999999999987494e+01 0.000000000000000000e+00
-2.409999999999987352e+01 0.000000000000000000e+00
-2.399999999999987210e+01 0.000000000000000000e+00
-2.389999999999987068e+01 0.000000000000000000e+00
-2.379999999999986926e+01 0.000000000000000000e+00
-2.369999999999986784e+01 0.000000000000000000e+00
-2.359999999999986642e+01 0.000000000000000000e+00
-2.349999999999986500e+01 0.000000000000000000e+00
-2.339999999999986358e+01 0.000000000000000000e+00
-2.329999999999986215e+01 0.000000000000000000e+00
-2.319999999999986073e+01 0.000000000000000000e+00
-2.309999999999985931e+01 0.000000000000000000e+00
-2.299999999999985789e+01 0.000000000000000000e+00
-2.289999999999985647e+01 0.000000000000000000e+00
-2.279999999999985505e+01 0.000000000000000000e+00
-2.269999999999985363e+01 0.000000000000000000e+00
-2.259999999999985221e+01 0.000000000000000000e+00
-2.249999999999985079e+01 0.000000000000000000e+00
-2.239999999999984936e+01 0.000000000000000000e+00
-2.229999999999984794e+01 0.000000000000000000e+00
-2.219999999999984652e+01 0.000000000000000000e+00
-2.209999999999984510e+01 0.000000000000000000e+00
-2.199999999999984368e+01 0.000000000000000000e+00
-2.189999999999984226e+01 0.000000000000000000e+00
-2.179999999999984084e+01 0.000000000000000000e+00
-2.169999999999983942e+01 0.000000000000000000e+00
-2.159999999999983800e+01 0.000000000000000000e+00
-2.149999999999983658e+01 0.000000000000000000e+00
-2.139999999999983515e+01 0.000000000000000000e+00
-2.129999999999983373e+01 0.000000000000000000e+00
-2.119999999999983231e+01 1.670044846832752336e-04
-2.109999999999983089e+01 4.170721862465142987e-04
-2.099999999999982947e+01 3.231419832445681095e-04
-2.089999999999982805e+01 3.847776679322123528e-04
-2.079999999999982663e+01 1.470922399312257680e-03
-2.069999999999982521e+01 2.364516817033290950e-03
-2.059999999999982379e+01 1.258760225027799606e-03
-2.049999999999982236e+01 0.000000000000000000e+00
-2.039999999999982094e+01 0.000000000000000000e+00
-2.029999999999981952e+01 0.000000000000000000e+00
-2.019999999999981810e+01 0.000000000000000000e+00
-2.009999999999981668e+01 0.000000000000000000e+00
-1.999999999999981526e+01 0.000000000000000000e+00
-1.989999999999981384e+01 0.000000000000000000e+00
-1.979999999999981242e+01 0.000000000000000000e+00
-1.969999999999981100e+01 0.000000000000000000e+00
-1.959999999999980957e+01 0.000000000000000000e+00
-1.949999999999980815e+01 0.000000000000000000e+00
-1.939999999999980673e+01 0.000000000000000000e+00
-1.929999999999980531e+01 0.000000000000000000e+00
-1.919999999999980389e+01 2.214511793106794246e-01
-1.909999999999980247e+01 4.634343293495476468e-01
-1.899999999999980105e+01 1.103857754915952727e+00
-1.889999999999979963e+01 1.944969557225704193e+00
-1.879999999999979821e+01 2.912387153506279081e+00
-1.869999999999979678e+01 3.550414410233497797e+00
-1.859999999999979536e+01 3.394056141376495361e+00
-1.849999999999979394e+01 2.685409900546074091e+00
-1.839999999999979252e+01 1.636969141662120819e+00
-1.829999999999979110e+01 8.337448015809059143e-01
-1.819999999999978968e+01 3.960846059024333843e-01
-1.809999999999978826e+01 2.240521699190139715e-01
-1.799999999999978684e+01 1.271834708313690498e-02
-1.789999999999978542e+01 0.000000000000000000e+00
-1.779999999999978400e+01 0.000000000000000000e+00
-1.769999999999978257e+01 0.000000000000000000e+00
-1.759999999999978115e+01 9.206468355841934247e-04
-1.749999999999977973e+01 2.563330299744848249e-03
-1.739999999999977831e+01 1.930714806076139255e-03
-1.729999999999977689e+01 9.275877848267555670e-04
-1.719999999999977547e+01 6.559243891388177438e-04
-1.709999999999977405e+01 4.894057521596551375e-04
-1.699999999999977263e+01 3.881416061631170924e-04
-1.689999999999977121e+01 1.672909012995660197e-04
-1.679999999999976978e+01 0.000000000000000000e+00
-1.669999999999976836e+01 1.938900677487254143e-04
-1.659999999999976694e+01 4.344950430095195770e-04
-1.649999999999976552e+01 1.914123655296862071e-04
-1.639999999999976410e+01 0.000000000000000000e+00
-1.629999999999976268e+01 0.000000000000000000e+00
-1.619999999999976126e+01 0.000000000000000000e+00
-1.609999999999975984e+01 0.000000000000000000e+00
-1.599999999999975842e+01 0.000000000000000000e+00
-1.589999999999975699e+01 0.000000000000000000e+00
-1.579999999999975557e+01 0.000000000000000000e+00
-1.569999999999975415e+01 0.000000000000000000e+00
-1.559999999999975273e+01 0.000000000000000000e+00
-1.549999999999975131e+01 0.000000000000000000e+00
-1.539999999999974989e+01 0.000000000000000000e+00
-1.529999999999974847e+01 0.000000000000000000e+00
-1.519999999999974705e+01 0.000000000000000000e+00
-1.509999999999974563e+01 0.000000000000000000e+00
-1.499999999999974420e+01 2.099618082866072601e-04
-1.489999999999974278e+01 4.901185166090726852e-04
-1.479999999999974136e+01 2.579838127712718969e-03
-1.469999999999973994e+01 4.444606287870555769e-03
-1.459999999999973852e+01 2.438788977451622573e-03
-1.449999999999973710e+01 1.333612285321578439e-01
-1.439999999999973568e+01 2.612741612363606580e-01
-1.429999999999973426e+01 4.825433149933814891e-01
-1.419999999999973284e+01 9.094333648681640625e-01
-1.409999999999973141e+01 1.640905869007110551e+00
-1.399999999999972999e+01 2.563260063529014587e+00
-1.389999999999972857e+01 3.471526584029197782e+00
-1.379999999999972715e+01 3.727332076430320829e+00
-1.369999999999972573e+01 3.094828724861145020e+00
-1.359999999999972431e+01 2.132930436730384738e+00
-1.349999999999972289e+01 1.210800692439079285e+00
-1.339999999999972147e+01 4.005208230577409489e-01
-1.329999999999972005e+01 1.068663520447444143e-01
-1.319999999999971863e+01 5.928420159034430807e-03
-1.309999999999971720e+01 1.639935182174667629e-03
-1.299999999999971578e+01 1.055155019275844054e-03
-1.289999999999971436e+01 2.353904340998269531e-03
-1.279999999999971294e+01 6.529541872441768820e-03
-1.269999999999971152e+01 1.053822190039852523e-02
-1.259999999999971010e+01 9.807842951267957410e-02
-1.249999999999970868e+01 2.675196532160043494e-01
-1.239999999999970726e+01 5.604631695896387100e-01
-1.229999999999970584e+01 1.104636819660663516e+00
-1.219999999999970441e+01 1.959420038759708493e+00
-1.209999999999970299e+01 2.931033556163311182e+00
-1.199999999999970157e+01 3.582175785303115756e+00
-1.189999999999970015e+01 3.515290880203246981e+00
-1.179999999999969873e+01 2.795986507833004175e+00
-1.169999999999969731e+01 1.894342030584812209e+00
-1.159999999999969589e+01 9.714707750827074051e-01
-1.149999999999969447e+01 2.713191947434097639e-01
-1.139999999999969305e+01 1.442169411224313025e-01
-1.129999999999969162e+01 2.552052628016099160e-03
-1.119999999999969020e+01 4.418647056445479740e-03
-1.109999999999968878e+01 1.601226196726202033e-02
-1.099999999999968736e+01 2.763667174731381307e-02
-1.089999999999968594e+01 2.138295342156197945e-02
-1.079999999999968452e+01 1.675976961414562399e-02
-1.069999999999968310e+01 1.439999884260032524e-02
-1.059999999999968168e+01 6.293357141839805817e-03
-1.049999999999968026e+01 6.160102298599668194e-03
-1.039999999999967883e+01 9.052391168370376578e-03
-1.029999999999967741e+01 7.375666366715450013e-03
-1.019999999999967599e+01 4.760418420482892196e-03
-1.009999999999967457e+01 1.019162718584993785e-02
-9.999999999999673150e+00 2.071772902272641520e-02
-9.899999999999671729e+00 3.101270572915382218e-02
-9.799999999999670308e+00 3.351396495418157429e-02
-9.699999999999668887e+00 2.132251963703311187e-02
-9.599999999999667466e+00 8.774099563743220989e-03
-9.499999999999666045e+00 4.004273263853974293e-03
-9.399999999999664624e+00 6.142166210338472886e-04
-9.299999999999663203e+00 4.191524756606668342e-04
-9.199999999999661782e+00 1.976317027583718300e-03
-9.099999999999660361e+00 3.499532396381255153e-03
-8.999999999999658939e+00 2.572422267985530024e-03
-8.899999999999657518e+00 2.278107759775593703e-03
-8.799999999999656097e+00 3.427024817210621958e-03
-8.699999999999654676e+00 3.035082554561085999e-03
-8.599999999999653255e+00 3.507832666218746627e-03
-8.499999999999651834e+00 8.559316769242287029e-03
-8.399999999999650413e+00 1.540528160403482547e-02
-8.299999999999648992e+00 1.555429561994969845e-02
-8.199999999999647571e+00 9.746034751879050981e-03
-8.099999999999646150e+00 6.680102361133322293e-03
-7.999999999999644729e+00 7.072708646956016136e-03
-7.899999999999643308e+00 8.109943672025110573e-03
-7.799999999999641886e+00 1.002160366857424434e-01
-7.699999999999640465e+00 8.935352742671966997e-01
-7.599999999999639044e+00 1.872627070546150296e+00
-7.499999999999637623e+00 3.761181822419166654e+00
-7.399999999999636202e+00 5.672280621528625666e+00
-7.299999999999634781e+00 6.984050786495208385e+00
-7.199999999999633360e+00 6.974373352527618586e+00
-7.099999999999631939e+00 5.628782594203949330e+00
-6.999999999999630518e+00 3.635290673375129789e+00
-6.899999999999629097e+00 1.875238735973834947e+00
-6.799999999999627676e+00 7.500915270298719184e-01
-6.699999999999626255e+00 3.416291988454759343e-01
-6.599999999999624833e+00 7.471696821885416562e-02
-6.499999999999623412e+00 5.134129538855632113e-02
-6.399999999999621991e+00 3.049766016993089510e-02
-6.299999999999620570e+00 1.921945255089667695e-02
-6.199999999999619149e+00 3.633642343629617244e-03
-6.099999999999617728e+00 1.690313433937262787e-03
-5.999999999999616307e+00 5.623940262012184100e-04
-5.899999999999614886e+00 0.000000000000000000e+00
-5.799999999999613465e+00 0.000000000000000000e+00
-5.699999999999612044e+00 0.000000000000000000e+00
-5.599999999999610623e+00 0.000000000000000000e+00
-5.499999999999609201e+00 0.000000000000000000e+00
-5.399999999999607780e+00 0.000000000000000000e+00
-5.299999999999606359e+00 0.000000000000000000e+00
-5.199999999999604938e+00 0.000000000000000000e+00
-5.099999999999603517e+00 0.000000000000000000e+00
-4.999999999999602096e+00 0.000000000000000000e+00
-4.899999999999600675e+00 0.000000000000000000e+00
-4.799999999999599254e+00 0.000000000000000000e+00
-4.699999999999597833e+00 0.000000000000000000e+00
-4.599999999999596412e+00 0.000000000000000000e+00
-4.499999999999594991e+00 0.000000000000000000e+00
-4.399999999999593570e+00 0.000000000000000000e+00
-4.299999999999592148e+00 0.000000000000000000e+00
-4.199999999999590727e+00 0.000000000000000000e+00
-4.099999999999589306e+00 0.000000000000000000e+00
-3.999999999999587885e+00 0.000000000000000000e+00
-3.899999999999586464e+00 0.000000000000000000e+00
-3.799999999999585043e+00 0.000000000000000000e+00
-3.699999999999583622e+00 0.000000000000000000e+00
-3.599999999999582201e+00 0.000000000000000000e+00
-3.499999999999580780e+00 0.000000000000000000e+00
-3.399999999999579359e+00 0.000000000000000000e+00
-3.299999999999577938e+00 0.000000000000000000e+00
-3.199999999999576517e+00 0.000000000000000000e+00
-3.099999999999575095e+00 0.000000000000000000e+00
-2.999999999999573674e+00 0.000000000000000000e+00
-2.899999999999572253e+00 0.000000000000000000e+00
-2.799999999999570832e+00 0.000000000000000000e+00
-2.699999999999569411e+00 0.000000000000000000e+00
-2.599999999999567990e+00 0.000000000000000000e+00
-2.499999999999566569e+00 0.000000000000000000e+00
-2.399999999999565148e+00 0.000000000000000000e+00
-2.299999999999563727e+00 0.000000000000000000e+00
-2.199999999999562306e+00 0.000000000000000000e+00
-2.099999999999560885e+00 0.000000000000000000e+00
-1.999999999999559464e+00 3.780821862164884806e-04
-1.899999999999558042e+00 8.048228046391159296e-04
-1.799999999999556621e+00 3.794880176428705454e-04
-1.699999999999555200e+00 0.000000000000000000e+00
-1.599999999999553779e+00 0.000000000000000000e+00
-1.499999999999552358e+00 1.110450690612197009e-03
-1.399999999999550937e+00 5.998549787909724165e-03
-1.299999999999549516e+00 1.276962452214149869e-02
-1.199999999999548095e+00 7.136541969666723717e-02
-1.099999999999546674e+00 1.668334329366189250e-01
-9.999999999995452526e-01 8.561059296131133811e-01
-8.999999999995438316e-01 1.926675981283187955e+00
-7.999999999995424105e-01 3.817023336887359619e+00
-6.999999999995409894e-01 6.025755321979522350e+00
-5.999999999995395683e-01 8.215638035535812733e+00
-4.999999999995381472e-01 9.397606700658798218e+00
-3.999999999995367261e-01 9.298600339889526722e+00
-2.999999999995353051e-01 7.537641590833663585e+00
-1.999999999995338840e-01 5.571664401888847706e+00
-9.999999999953246288e-02 3.499746677279472529e+00
4.689582056016661227e-13 2.483138918876647949e+00
1.000000000004703793e-01 2.389825731515884399e+00
2.000000000004718004e-01 3.124332657456398099e+00
3.000000000004732215e-01 3.959931141138076871e+00
4.000000000004746425e-01 4.829516148567199352e+00
5.000000000004760636e-01 5.454878827929496410e+00
6.000000000004774847e-01 6.816579252481460571e+00
7.000000000004789058e-01 8.457593399286270852e+00
8.000000000004803269e-01 1.093745473623275721e+01
9.000000000004817480e-01 1.342594592571258616e+01
1.000000000000483169e+00 1.433459299802780151e+01
