-3.300000000000000000e+01 8.096361918747425612e-01
-3.289999999999999858e+01 6.810883363336324159e-01
-3.279999999999999716e+01 1.278997706621885389e+00
-3.269999999999999574e+01 6.642162971198558585e-01
-3.259999999999999432e+01 4.379540189256658864e-04
-3.249999999999999289e+01 1.915512455161660823e-04
-3.239999999999999147e+01 0.000000000000000000e+00
-3.229999999999999005e+01 0.000000000000000000e+00
-3.219999999999998863e+01 0.000000000000000000e+00
-3.209999999999998721e+01 4.309195092309892300e-04
-3.199999999999998579e+01 1.646501311206520707e-03
-3.189999999999998437e+01 1.174215638643545320e-03
-3.179999999999998295e+01 3.704014160757651704e-04
-3.169999999999998153e+01 0.000000000000000000e+00
-3.159999999999998010e+01 0.000000000000000000e+00
-3.149999999999997868e+01 1.521041928208433178e-03
-3.139999999999997726e+01 4.048936720164419793e-03
-3.129999999999997584e+01 1.490295558396610405e-03
-3.119999999999997442e+01 2.275574582494300710e-02
-3.109999999999997300e+01 5.592148390678630676e-02
-3.099999999999997158e+01 2.207253371596834893e-02
-3.089999999999997016e+01 2.964787266682833563e-04
-3.079999999999996874e+01 1.514128359558526401e-03
-3.069999999999996732e+01 2.979127393336966547e-03
-3.059999999999996589e+01 1.508629121235571758e-03
-3.049999999999996447e+01 4.815726901142624921e-04
-3.039999999999996305e+01 5.788087444670963599e-04
-3.029999999999996163e+01 5.618663525208831278e-01
-3.019999999999996021e+01 1.128527807667851546e+00
-3.009999999999995879e+01 5.633155582100153325e-01
-2.999999999999995737e+01 3.518714139907388322e-02
-2.989999999999995595e+01 1.441732119584048510e-01
-2.979999999999995453e+01 1.885938667158552628e-01
-2.969999999999995310e+01 8.006455813991124326e-02
-2.959999999999995168e+01 6.927743083157110460e-02
-2.949999999999995026e+01 1.485062874224968299e-01
-2.939999999999994884e+01 7.796424246218520981e-02
-2.929999999999994742e+01 3.655754759057890380e-01
-2.919999999999994600e+01 9.222388606611638950e-01
-2.909999999999994458e+01 1.979428124725818527e+00
-2.899999999999994316e+01 3.548885820209980224e+00
-2.889999999999994174e+01 4.550282034426927247e+00
-2.879999999999994031e+01 5.711061092317104126e+00
-2.869999999999993889e+01 6.179773181378841684e+00
-2.859999999999993747e+01 5.760533140599727986e+00
-2.849999999999993605e+01 4.370222166478633596e+00
-2.839999999999993463e+01 3.078161052763462191e+00
-2.829999999999993321e+01 1.802945360876619718e+00
-2.819999999999993179e+01 1.061867926334962187e+00
-2.809999999999993037e+01 3.335098562075290984e-01
-2.799999999999992895e+01 4.980142716428963556e-01
-2.789999999999992752e+01 9.125652034208178165e-01
-2.779999999999992610e+01 2.640191025584936124e+00
-2.769999999999992468e+01 4.550420945584773946e+00
-2.759999999999992326e+01 7.537300804257393239e+00
-2.749999999999992184e+01 1.040550274372100858e+01
-2.739999999999992042e+01 1.292240956187248280e+01
-2.729999999999991900e+01 1.287156366884708447e+01
-2.719999999999991758e+01 1.082161701381206598e+01
-2.709999999999991616e+01 7.551867470145225525e+00
-2.699999999999991473e+01 4.461996085643768595e+00
-2.689999999999991331e+01 1.732971970848739218e+00
-2.679999999999991189e+01 8.331971263699233798e-01
-2.669999999999991047e+01 2.722441228153184012e-01
-2.659999999999990905e+01 2.244455838941940007e-01
-2.649999999999990763e+01 2.445499049602949393e-01
-2.639999999999990621e+01 1.118676649672852297e-01
-2.629999999999990479e+01 5.656209859933369194e-02
-2.619999999999990337e+01 4.814427031593368489e-02
-2.609999999999990195e+01 4.129474834433494862e-02
-2.599999999999990052e+01 5.769642559447674818e-02
-2.589999999999989910e+01 5.240000030418741350e-02
-2.579999999999989768e+01 3.295722458831733259e-02
-2.569999999999989626e+01 2.751751107627569554e-02
-2.559999999999989484e+01 1.641699422129022298e-02
-2.549999999999989342e+01 5.805344674445223237e-03
-2.539999999999989200e+01 1.279992248917551437e-02
-2.529999999999989058e+01 2.074079085941775771e-02
-2.519999999999988916e+01 2.890386326704174128e-02
-2.509999999999988773e+01 3.857773385250766462e-02
-2.499999999999988631e+01 2.322246242312758086e-02
-2.489999999999988489e+01 4.713573660533256979e-03
-2.479999999999988347e+01 1.465964179878938073e-03
-2.469999999999988205e+01 7.165537653781939645e-04
-2.459999999999988063e+01 1.403745003335643473e-03
-2.449999999999987921e+01 3.023299095457332268e-03
-2.439999999999987779e+01 5.082523767214297550e-02
-2.429999999999987637e+01 9.868484364829782640e-02
-2.419999999999987494e+01 5.560185214235389278e-02
-2.409999999999987352e+01 1.314650654784600171e-02
-2.399999999999987210e+01 5.962571760001082743e-03
-2.389999999999987068e+01 8.603591674279868762e-03
-2.379999999999986926e+01 1.838498875176810404e-02
-2.369999999999986784e+01 8.365877880532935490e-03
-2.359999999999986642e+01 1.648690127185545914e-03
-2.349999999999986500e+01 3.872802197583951212e-03
-2.339999999999986358e+01 9.171617971587693943e-03
-2.329999999999986215e+01 9.700751542732177421e-03
-2.319999999999986073e+01 7.920327778738283503e-03
-2.309999999999985931e+01 1.192101316843036281e-02
-2.299999999999985789e+01 6.776828357309568063e-02
-2.289999999999985647e+01 4.352025397960096464e-01
-2.279999999999985505e+01 7.229390590265393213e-01
-2.269999999999985363e+01 8.026315899379551366e-01
-2.259999999999985221e+01 1.691133465394377700e+00
-2.249999999999985079e+01 2.487209906727075648e+00
-2.239999999999984936e+01 3.162175001949071973e+00
-2.229999999999984794e+01 3.739497876167297452e+00
-2.219999999999984652e+01 4.103582058846950709e+00
-2.209999999999984510e+01 4.021887113153934656e+00
-2.199999999999984368e+01 3.942919125258922630e+00
-2.189999999999984226e+01 3.624619607478380079e+00
-2.179999999999984084e+01 3.048144452422857142e+00
-2.169999999999983942e+01 2.207426647618413007e+00
-2.159999999999983800e+01 1.780166913792490924e+00
-2.149999999999983658e+01 1.446367635354399717e+00
-2.139999999999983515e+01 8.511778699420392558e-01
-2.129999999999983373e+01 7.047537265997380063e-01
-2.119999999999983231e+01 6.581990776583552805e-01
-2.109999999999983089e+01 7.595827392488717633e-01
-2.099999999999982947e+01 9.120867059752345574e-01
-2.089999999999982805e+01 1.329890418052673384e+00
-2.079999999999982663e+01 1.645172133669257075e+00
-2.069999999999982521e+01 1.955525669977068892e+00
-2.059999999999982379e+01 2.399394908845424723e+00
-2.049999999999982236e+01 2.652835107743740206e+00
-2.039999999999982094e+01 2.686741786003112864e+00
-2.029999999999981952e+01 2.603860115110874229e+00
-2.019999999999981810e+01 2.674665551781654216e+00
-2.009999999999981668e+01 2.785278118401765646e+00
-1.999999999999981526e+01 3.185268421769142044e+00
-1.989999999999981384e+01 3.285406899899244504e+00
-1.979999999999981242e+01 3.185342298895120550e+00
-1.969999999999981100e+01 3.002506725490093231e+00
-1.959999999999980957e+01 2.618244272321462507e+00
-1.949999999999980815e+01 1.980912910550832740e+00
-1.939999999999980673e+01 1.481734480559825817e+00
-1.929999999999980531e+01 8.654576337710022660e-01
-1.919999999999980389e+01 3.641688330238684879e-01
-1.909999999999980247e+01 3.621199048170820056e-01
-1.899999999999980105e+01 5.317791252397000568e-01
-1.889999999999979963e+01 9.527453480288385901e-01
-1.879999999999979821e+01 1.319993881136178882e+00
-1.869999999999979678e+01 1.814862145259976467e+00
-1.859999999999979536e+01 2.422434357106685532e+00
-1.849999999999979394e+01 3.303989409059286064e+00
-1.839999999999979252e+01 4.014591476917266810e+00
-1.829999999999979110e+01 4.436895201504230890e+00
-1.819999999999978968e+01 4.486523265242576386e+00
-1.809999999999978826e+01 3.805046728551387591e+00
-1.799999999999978684e+01 2.936764978915452851e+00
-1.789999999999978542e+01 2.594297498017549497e+00
-1.779999999999978400e+01 1.911823148876428569e+00
-1.769999999999978257e+01 1.788002495914697620e+00
-1.759999999999978115e+01 1.750175392925739315e+00
-1.749999999999977973e+01 1.634139575511217135e+00
-1.739999999999977831e+01 1.521373017206788081e+00
-1.729999999999977689e+01 1.529743922874331474e+00
-1.719999999999977547e+01 1.589602261409163386e+00
-1.709999999999977405e+01 2.144697241634130336e+00
-1.699999999999977263e+01 2.741554650068283028e+00
-1.689999999999977121e+01 3.602680985927581681e+00
-1.679999999999976978e+01 4.839487638175487660e+00
-1.669999999999976836e+01 5.588979911208152629e+00
-1.659999999999976694e+01 6.052547112703323684e+00
-1.649999999999976552e+01 6.036768518388271332e+00
-1.639999999999976410e+01 6.307663995027541937e+00
-1.629999999999976268e+01 5.294910394251346908e+00
-1.619999999999976126e+01 4.513778107464313294e+00
-1.609999999999975984e+01 4.207359939813613892e+00
-1.599999999999975842e+01 3.047524408102035398e+00
-1.589999999999975699e+01 2.506731958985328745e+00
-1.579999999999975557e+01 2.139956180229782845e+00
-1.569999999999975415e+01 1.760091089606285131e+00
-1.559999999999975273e+01 1.552858543992042595e+00
-1.549999999999975131e+01 1.549473505094647319e+00
-1.539999999999974989e+01 1.349077970236539858e+00
-1.529999999999974847e+01 1.544725506082177180e+00
-1.519999999999974705e+01 1.566854221783578360e+00
-1.509999999999974563e+01 1.496310523897409483e+00
-1.499999999999974420e+01 1.397617709711194145e+00
-1.489999999999974278e+01 1.455031040087342298e+00
-1.479999999999974136e+01 1.746013681218028024e+00
-1.469999999999973994e+01 1.987670895680785144e+00
-1.459999999999973852e+01 2.433077212646603371e+00
-1.449999999999973710e+01 3.280647907257080220e+00
-1.439999999999973568e+01 3.629524854570627124e+00
-1.429999999999973426e+01 4.185942788720130814e+00
-1.419999999999973284e+01 5.480221130847930944e+00
-1.409999999999973141e+01 6.104627662301063573e+00
-1.399999999999972999e+01 7.364914704561233094e+00
-1.389999999999972857e+01 8.628364653587341948e+00
-1.379999999999972715e+01 9.563535188436508960e+00
-1.369999999999972573e+01 9.840649296045302918e+00
-1.359999999999972431e+01 9.188290417790412334e+00
-1.349999999999972289e+01 7.444769611358642791e+00
-1.339999999999972147e+01 5.892296223044395376e+00
-1.329999999999972005e+01 4.749374906122684870e+00
-1.319999999999971863e+01 4.638111400902271697e+00
-1.309999999999971720e+01 5.687601755261421310e+00
-1.299999999999971578e+01 6.710558322966098999e+00
-1.289999999999971436e+01 7.700281182527541901e+00
-1.279999999999971294e+01 7.871246702671051310e+00
-1.269999999999971152e+01 8.019198063015938516e+00
-1.259999999999971010e+01 7.611227431893349049e+00
-1.249999999999970868e+01 7.495209590792655696e+00
-1.239999999999970726e+01 7.241133439838886687e+00
-1.229999999999970584e+01 7.072253804802894450e+00
-1.219999999999970441e+01 6.476306412220001363e+00
-1.209999999999970299e+01 6.300801917910575867e+00
-1.199999999999970157e+01 6.530552590489387299e+00
-1.189999999999970015e+01 7.156719033718109024e+00
-1.179999999999969873e+01 8.733721627593039827e+00
-1.169999999999969731e+01 1.046394630193710285e+01
-1.159999999999969589e+01 1.280782404959201770e+01
-1.149999999999969447e+01 1.490490401268005449e+01
-1.139999999999969305e+01 1.707653126239776498e+01
-1.129999999999969162e+01 1.831811659812927218e+01
-1.119999999999969020e+01 1.923049257040023718e+01
-1.109999999999968878e+01 1.876640110373497095e+01
-1.099999999999968736e+01 1.803948114395141644e+01
-1.089999999999968594e+01 1.605042328476905666e+01
-1.079999999999968452e+01 1.363748917102813785e+01
-1.069999999999968310e+01 9.941232461333274983e+00
-1.059999999999968168e+01 6.426372293829917481e+00
-1.049999999999968026e+01 3.890677272379398310e+00
-1.039999999999967883e+01 1.613573642298579136e+00
-1.029999999999967741e+01 6.637586809322237880e-01
-1.019999999999967599e+01 2.731048650015145407e-01
-1.009999999999967457e+01 1.406702349868828583e-01
-9.999999999999673150e+00 1.447446056729859154e-01
-9.899999999999671729e+00 1.507512838278125822e-01
-9.799999999999670308e+00 1.415098452900565573e-01
-9.699999999999668887e+00 1.373432676820084408e-01
-9.599999999999667466e+00 2.036559565726202004e-01
-9.499999999999666045e+00 5.432787218550220176e-01
-9.399999999999664624e+00 1.065774618759751213e+00
-9.299999999999663203e+00 2.432726913020014869e+00
-9.199999999999661782e+00 3.981296303123235791e+00
-9.099999999999660361e+00 5.283335969150066092e+00
-8.999999999999658939e+00 6.259965948462486551e+00
-8.899999999999657518e+00 6.289264966547489344e+00
-8.799999999999656097e+00 5.274496566355228566e+00
-8.699999999999654676e+00 3.856451803445815951e+00
-8.599999999999653255e+00 2.910460512787103493e+00
-8.499999999999651834e+00 2.699607797861099279e+00
-8.399999999999650413e+00 3.763154706805944549e+00
-8.299999999999648992e+00 4.940301133692264202e+00
-8.199999999999647571e+00 7.253886873126029755e+00
-8.099999999999646150e+00 8.753554240465163616e+00
-7.999999999999644729e+00 9.462841932773590869e+00
-7.899999999999643308e+00 9.814233788847923634e+00
-7.799999999999641886e+00 9.221842103600501162e+00
-7.699999999999640465e+00 7.973139688372612000e+00
-7.599999999999639044e+00 7.424852930903434789e+00
-7.499999999999637623e+00 6.482920394241809880e+00
-7.399999999999636202e+00 5.998659729659557627e+00
-7.299999999999634781e+00 6.726736730039119649e+00
-7.199999999999633360e+00 8.084572122097014812e+00
-7.099999999999631939e+00 1.068636600852012641e+01
-6.999999999999630518e+00 1.264130900382995648e+01
-6.899999999999629097e+00 1.293482779026031437e+01
-6.799999999999627676e+00 1.149796265125274708e+01
-6.699999999999626255e+00 8.810374996662140745e+00
-6.599999999999624833e+00 6.218042591512203288e+00
-6.499999999999623412e+00 3.033563739210367149e+00
-6.399999999999621991e+00 7.772019557328895267e-01
-6.299999999999620570e+00 2.656205900684290300e-01
-6.199999999999619149e+00 1.088253913194057593e-01
-6.099999999999617728e+00 1.019856505429856952e-01
-5.999999999999616307e+00 1.065222727801301561e-01
-5.899999999999614886e+00 1.446094737676321407e-01
-5.799999999999613465e+00 1.866326203563949127e-01
-5.699999999999612044e+00 8.769205141812562720e-01
-5.599999999999610623e+00 1.554438050091266676e+00
-5.499999999999609201e+00 1.931955754905939182e+00
-5.399999999999607780e+00 2.746072374582290809e+00
-5.299999999999606359e+00 3.463175660669803424e+00
-5.199999999999604938e+00 4.262462037801742376e+00
-5.099999999999603517e+00 4.811300492882728541e+00
-4.999999999999602096e+00 4.231823206543922744e+00
-4.899999999999600675e+00 3.779020620733499314e+00
-4.799999999999599254e+00 3.871842953860759717e+00
-4.699999999999597833e+00 2.350688829869032048e+00
-4.599999999999596412e+00 1.557430515438318341e+00
-4.499999999999594991e+00 1.885318646058440128e+00
-4.399999999999593570e+00 9.861841372773051395e-01
-4.299999999999592148e+00 1.677308806884684478e-01
-4.199999999999590727e+00 1.026677093809121311e-01
-4.099999999999589306e+00 9.516558145594899987e-02
-3.999999999999587885e+00 6.035978717096440738e-02
-3.899999999999586464e+00 3.129101008855286747e-02
-3.799999999999585043e+00 2.328044319292530417e-01
-3.699999999999583622e+00 4.595249694189987855e-01
-3.599999999999582201e+00 2.569958428456448063e-01
-3.499999999999580780e+00 2.656404633540659921e-01
-3.399999999999579359e+00 8.354961384460329876e-01
-3.299999999999577938e+00 9.447936205938458620e-01
-3.199999999999576517e+00 9.504680968075990277e-01
-3.099999999999575095e+00 1.913335779383778634e+00
-2.999999999999573674e+00 2.552780305445194298e+00
-2.899999999999572253e+00 2.689532625526189769e+00
-2.799999999999570832e+00 2.741503807604313003e+00
-2.699999999999569411e+00 2.843091423809528173e+00
-2.599999999999567990e+00 3.453641711920499624e+00
-2.499999999999566569e+00 3.412126040458679288e+00
-2.399999999999565148e+00 3.290143188983202016e+00
-2.299999999999563727e+00 3.984767397046089066e+00
-2.199999999999562306e+00 4.942635104060173035e+00
-2.099999999999560885e+00 5.743235071599483099e+00
-1.999999999999559464e+00 6.698165858387946869e+00
-1.899999999999558042e+00 7.236385211348533630e+00
-1.799999999999556621e+00 6.919990633726119889e+00
-1.699999999999555200e+00 6.104608891010284033e+00
-1.599999999999553779e+00 5.291667573451995565e+00
-1.499999999999552358e+00 4.437006516307592463e+00
-1.399999999999550937e+00 2.840024763345718295e+00
-1.299999999999549516e+00 1.985326961055398076e+00
-1.199999999999548095e+00 1.883806013092398590e+00
-1.099999999999546674e+00 2.060729085579514397e+00
-9.999999999995452526e-01 2.766744996160268588e+00
-8.999999999995438316e-01 2.848959627300500674e+00
-7.999999999995424105e-01 3.314394298493862134e+00
-6.999999999995409894e-01 4.100664654076099147e+00
-5.999999999995395683e-01 5.400563601255417012e+00
-4.999999999995381472e-01 7.293562805652618053e+00
-3.999999999995367261e-01 9.439245646595955108e+00
-2.999999999995353051e-01 1.108460821986198397e+01
-1.999999999995338840e-01 1.267171262025833123e+01
-9.999999999953246288e-02 1.378283391833305416e+01
4.689582056016661227e-13 1.398334812521934545e+01
1.000000000004703793e-01 1.435259562253951948e+01
2.000000000004718004e-01 1.374011670231819160e+01
3.000000000004732215e-01 1.314907206535339412e+01
4.000000000004746425e-01 1.256219563841819742e+01
5.000000000004760636e-01 1.250753214478492659e+01
6.000000000004774847e-01 1.303645534873008671e+01
7.000000000004789058e-01 1.362994173526763930e+01
8.000000000004803269e-01 1.671953346490860071e+01
9.000000000004817480e-01 1.830940400481224017e+01
1.000000000000483169e+00 1.977142098188400254e+01
