-3.300000000000000000e+01 0.000000000000000000e+00
-3.289999999999999858e+01 0.000000000000000000e+00
-3.279999999999999716e+01 0.000000000000000000e+00
-3.269999999999999574e+01 0.000000000000000000e+00
-3.259999999999999432e+01 9.079436313186307184e-06
-3.249999999999999289e+01 5.279832075757440315e-05
-3.239999999999999147e+01 8.712579074199311435e-06
-3.229999999999999005e+01 0.000000000000000000e+00
-3.219999999999998863e+01 0.000000000000000000e+00
-3.209999999999998721e+01 0.000000000000000000e+00
-3.199999999999998579e+01 0.000000000000000000e+00
-3.189999999999998437e+01 0.000000000000000000e+00
-3.179999999999998295e+01 0.000000000000000000e+00
-3.169999999999998153e+01 0.000000000000000000e+00
-3.159999999999998010e+01 0.000000000000000000e+00
-3.149999999999997868e+01 0.000000000000000000e+00
-3.139999999999997726e+01 0.000000000000000000e+00
-3.129999999999997584e+01 0.000000000000000000e+00
-3.119999999999997442e+01 0.000000000000000000e+00
-3.109999999999997300e+01 0.000000000000000000e+00
-3.099999999999997158e+01 0.000000000000000000e+00
-3.089999999999997016e+01 0.000000000000000000e+00
-3.079999999999996874e+01 0.000000000000000000e+00
-3.069999999999996732e+01 0.000000000000000000e+00
-3.059999999999996589e+01 0.000000000000000000e+00
-3.049999999999996447e+01 0.000000000000000000e+00
-3.039999999999996305e+01 0.000000000000000000e+00
-3.029999999999996163e+01 0.000000000000000000e+00
-3.019999999999996021e+01 0.000000000000000000e+00
-3.009999999999995879e+01 0.000000000000000000e+00
-2.999999999999995737e+01 0.000000000000000000e+00
-2.989999999999995595e+01 0.000000000000000000e+00
-2.979999999999995453e+01 0.000000000000000000e+00
-2.969999999999995310e+01 3.016953428414126181e-07
-2.959999999999995168e+01 2.934620806627208536e-06
-2.949999999999995026e+01 0.000000000000000000e+00
-2.939999999999994884e+01 0.000000000000000000e+00
-2.929999999999994742e+01 0.000000000000000000e+00
-2.919999999999994600e+01 0.000000000000000000e+00
-2.909999999999994458e+01 0.000000000000000000e+00
-2.899999999999994316e+01 0.000000000000000000e+00
-2.889999999999994174e+01 0.000000000000000000e+00
-2.879999999999994031e+01 0.000000000000000000e+00
-2.869999999999993889e+01 0.000000000000000000e+00
-2.859999999999993747e+01 0.000000000000000000e+00
-2.849999999999993605e+01 0.000000000000000000e+00
-2.839999999999993463e+01 5.569418863160535693e-05
-2.829999999999993321e+01 1.732533622998744304e-04
-2.819999999999993179e+01 3.195694880560040203e-05
-2.809999999999993037e+01 0.000000000000000000e+00
-2.799999999999992895e+01 0.000000000000000000e+00
-2.789999999999992752e+01 0.000000000000000000e+00
-2.779999999999992610e+01 0.000000000000000000e+00
-2.769999999999992468e+01 0.000000000000000000e+00
-2.759999999999992326e+01 0.000000000000000000e+00
-2.749999999999992184e+01 0.000000000000000000e+00
-2.739999999999992042e+01 0.000000000000000000e+00
-2.729999999999991900e+01 0.000000000000000000e+00
-2.719999999999991758e+01 0.000000000000000000e+00
-2.709999999999991616e+01 0.000000000000000000e+00
-2.699999999999991473e+01 0.000000000000000000e+00
-2.689999999999991331e+01 0.000000000000000000e+00
-2.679999999999991189e+01 0.000000000000000000e+00
-2.669999999999991047e+01 0.000000000000000000e+00
-2.659999999999990905e+01 0.000000000000000000e+00
-2.649999999999990763e+01 0.000000000000000000e+00
-2.639999999999990621e+01 0.000000000000000000e+00
-2.629999999999990479e+01 0.000000000000000000e+00
-2.619999999999990337e+01 0.000000000000000000e+00
-2.609999999999990195e+01 0.000000000000000000e+00
-2.599999999999990052e+01 0.000000000000000000e+00
-2.589999999999989910e+01 0.000000000000000000e+00
-2.579999999999989768e+01 0.000000000000000000e+00
-2.569999999999989626e+01 0.000000000000000000e+00
-2.559999999999989484e+01 0.000000000000000000e+00
-2.549999999999989342e+01 0.000000000000000000e+00
-2.539999999999989200e+01 0.000000000000000000e+00
-2.529999999999989058e+01 0.000000000000000000e+00
-2.519999999999988916e+01 0.000000000000000000e+00
-2.509999999999988773e+01 0.000000000000000000e+00
-2.499999999999988631e+01 0.000000000000000000e+00
-2.489999999999988489e+01 0.000000000000000000e+00
-2.479999999999988347e+01 0.000000000000000000e+00
-2.469999999999988205e+01 0.000000000000000000e+00
-2.459999999999988063e+01 0.000000000000000000e+00
-2.449999999999987921e+01 0.000000000000000000e+00
-2.439999999999987779e+01 0.000000000000000000e+00
-2.429999999999987637e+01 0.000000000000000000e+00
-2.419999999999987494e+01 0.000000000000000000e+00
-2.409999999999987352e+01 0.000000000000000000e+00
-2.399999999999987210e+01 0.000000000000000000e+00
-2.389999999999987068e+01 0.000000000000000000e+00
-2.379999999999986926e+01 1.643263211008161415e-04
-2.369999999999986784e+01 3.721410990692675331e-04
-2.359999999999986642e+01 1.621862815227359588e-04
-2.349999999999986500e+01 0.000000000000000000e+00
-2.339999999999986358e+01 0.000000000000000000e+00
-2.329999999999986215e+01 0.000000000000000000e+00
-2.319999999999986073e+01 0.000000000000000000e+00
-2.309999999999985931e+01 2.049441638519056033e-04
-2.299999999999985789e+01 1.035043236697674729e-03
-2.289999999999985647e+01 1.231109338095848172e-03
-2.279999999999985505e+01 5.041524811531417506e-04
-2.269999999999985363e+01 0.000000000000000000e+00
-2.259999999999985221e+01 0.000000000000000000e+00
-2.249999999999985079e+01 0.000000000000000000e+00
-2.239999999999984936e+01 1.910725026391446645e-04
-2.229999999999984794e+01 4.579984000883996270e-04
-2.219999999999984652e+01 1.999378320761024844e-04
-2.209999999999984510e+01 0.000000000000000000e+00
-2.199999999999984368e+01 0.000000000000000000e+00
-2.189999999999984226e+01 2.526318129275750748e-03
-2.179999999999984084e+01 5.766262152437775373e-02
-2.169999999999983942e+01 2.040273689635796472e-01
-2.159999999999983800e+01 8.526528647169471231e-01
-2.149999999999983658e+01 1.746920257061719939e+00
-2.139999999999983515e+01 2.750554264336824595e+00
-2.129999999999983373e+01 3.418985789269208819e+00
-2.119999999999983231e+01 3.498849320411681951e+00
-2.109999999999983089e+01 2.993162792176008224e+00
-2.099999999999982947e+01 2.124396788701415240e+00
-2.089999999999982805e+01 1.231928001344203993e+00
-2.079999999999982663e+01 6.132835658267140611e-01
-2.069999999999982521e+01 2.342435987899079974e-01
-2.059999999999982379e+01 5.064025789615698298e-02
-2.049999999999982236e+01 6.982595732551999390e-02
-2.039999999999982094e+01 3.741084977773425496e-02
-2.029999999999981952e+01 1.570659168683050805e-02
-2.019999999999981810e+01 1.437026047847513900e-02
-2.009999999999981668e+01 1.214339657326490851e-02
-1.999999999999981526e+01 8.455539585702354435e-03
-1.989999999999981384e+01 4.962930809415411378e-03
-1.979999999999981242e+01 4.736926550685893397e-03
-1.969999999999981100e+01 2.627470077277393925e-03
-1.959999999999980957e+01 6.237704335944726629e-04
-1.949999999999980815e+01 2.710511558689177253e-04
-1.939999999999980673e+01 2.315416325291153217e-03
-1.929999999999980531e+01 4.619789999560452651e-03
-1.919999999999980389e+01 2.510219043324468744e-03
-1.909999999999980247e+01 2.499046948738396223e-01
-1.899999999999980105e+01 4.979194299783557542e-01
-1.889999999999979963e+01 1.353205640986561820e+00
-1.879999999999979821e+01 2.299075255170464516e+00
-1.869999999999979678e+01 3.617910131067037405e+00
-1.859999999999979536e+01 4.701864449679851177e+00
-1.849999999999979394e+01 5.585596543550491511e+00
-1.839999999999979252e+01 5.740717868506908239e+00
-1.829999999999979110e+01 5.165247957408428015e+00
-1.819999999999978968e+01 3.988483793288469137e+00
-1.809999999999978826e+01 2.714917503297328949e+00
-1.799999999999978684e+01 1.588706173002719879e+00
-1.789999999999978542e+01 7.681243504397571309e-01
-1.779999999999978400e+01 3.847378430888056533e-01
-1.769999999999978257e+01 1.428263934285496292e-02
-1.759999999999978115e+01 9.359291496002697733e-03
-1.749999999999977973e+01 1.250301726391001012e-02
-1.739999999999977831e+01 1.502532455706386862e-02
-1.729999999999977689e+01 1.549936447918298654e-02
-1.719999999999977547e+01 1.344631236493114626e-02
-1.709999999999977405e+01 9.759721369300677560e-03
-1.699999999999977263e+01 6.737556912776198823e-03
-1.689999999999977121e+01 4.383787950791884561e-03
-1.679999999999976978e+01 3.224108863287256186e-03
-1.669999999999976836e+01 1.869750485639087856e-03
-1.659999999999976694e+01 9.167847427306696339e-04
-1.649999999999976552e+01 1.848735650057520188e-03
-1.639999999999976410e+01 4.633608646054198851e-03
-1.629999999999976268e+01 9.275073172967296734e-03
-1.619999999999976126e+01 1.348505556597956456e-02
-1.609999999999975984e+01 6.619740628730141560e-03
-1.599999999999975842e+01 5.681510930662625816e-03
-1.589999999999975699e+01 2.172105200669989175e-02
-1.579999999999975557e+01 3.377922116558238624e-02
-1.569999999999975415e+01 3.981453418455203203e-02
-1.559999999999975273e+01 4.957092722834204046e-02
-1.549999999999975131e+01 3.473033675254555419e-02
-1.539999999999974989e+01 3.102505949791520834e-01
-1.529999999999974847e+01 6.148716308176517265e-01
-1.519999999999974705e+01 1.519121774286031679e+00
-1.509999999999974563e+01 2.718762049823999494e+00
-1.499999999999974420e+01 4.303833990544080557e+00
-1.489999999999974278e+01 5.542031380534171880e+00
-1.479999999999974136e+01 6.416343694925307872e+00
-1.469999999999973994e+01 6.150932796299457550e+00
-1.459999999999973852e+01 5.218364842236042023e+00
-1.449999999999973710e+01 3.660385691374540507e+00
-1.439999999999973568e+01 2.188926913216710179e+00
-1.429999999999973426e+01 1.021181018091738224e+00
-1.419999999999973284e+01 4.009148969314992317e-01
-1.409999999999973141e+01 9.083853233896661827e-02
-1.399999999999972999e+01 2.001766722929119308e-02
-1.389999999999972857e+01 1.606641809021312067e-02
-1.379999999999972715e+01 2.262772225078606494e-02
-1.369999999999972573e+01 2.360369101679680309e-02
-1.359999999999972431e+01 3.095295387837495443e-02
-1.349999999999972289e+01 5.726761177834305272e-02
-1.339999999999972147e+01 7.656182158389128467e-02
-1.329999999999972005e+01 4.830263339448720439e-01
-1.319999999999971863e+01 9.438403990119695885e-01
-1.309999999999971720e+01 1.778998180478811308e+00
-1.299999999999971578e+01 2.810934361070394516e+00
-1.289999999999971436e+01 3.457883072644472033e+00
-1.279999999999971294e+01 3.470881158113479525e+00
-1.269999999999971152e+01 2.942797384411096395e+00
-1.259999999999971010e+01 1.914494409039616540e+00
-1.249999999999970868e+01 1.031337750703096301e+00
-1.239999999999970726e+01 5.398978705052286386e-01
-1.229999999999970584e+01 9.517849327794465630e-02
-1.219999999999970441e+01 8.406422235129866471e-02
-1.209999999999970299e+01 4.546103010325168448e-02
-1.199999999999970157e+01 3.626813780356315242e-02
-1.189999999999970015e+01 3.965027284175448585e-02
-1.179999999999969873e+01 1.482002084143459741e-01
-1.169999999999969731e+01 2.966621809406205790e-01
-1.159999999999969589e+01 5.904755855910479578e-01
-1.149999999999969447e+01 1.178722541034221694e+00
-1.139999999999969305e+01 2.164247608557343661e+00
-1.129999999999969162e+01 3.490831904858350931e+00
-1.119999999999969020e+01 4.822961734235287068e+00
-1.109999999999968878e+01 5.821327011287212194e+00
-1.099999999999968736e+01 6.251776380836963298e+00
-1.089999999999968594e+01 5.871693013608455303e+00
-1.079999999999968452e+01 5.002230200171470464e+00
-1.069999999999968310e+01 3.957265265285968781e+00
-1.059999999999968168e+01 3.345164646953344256e+00
-1.049999999999968026e+01 3.354574953764676959e+00
-1.039999999999967883e+01 3.932129602879285812e+00
-1.029999999999967741e+01 4.797059489786624553e+00
-1.019999999999967599e+01 5.384414751827717005e+00
-1.009999999999967457e+01 5.458763976395130335e+00
-9.999999999999673150e+00 4.965704405307770131e+00
-9.899999999999671729e+00 3.912087761610746561e+00
-9.799999999999670308e+00 2.709894476830959409e+00
-9.699999999999668887e+00 1.612177611887454898e+00
-9.599999999999667466e+00 1.163542059995233968e+00
-9.499999999999666045e+00 1.024317461997270584e+00
-9.399999999999664624e+00 1.612221300601959229e+00
-9.299999999999663203e+00 2.507370378077030004e+00
-9.199999999999661782e+00 3.255568512529134928e+00
-9.099999999999660361e+00 3.613632886111736386e+00
-8.999999999999658939e+00 3.239574947208166300e+00
-8.899999999999657518e+00 2.329583816975355326e+00
-8.799999999999656097e+00 1.635013339295983359e+00
-8.699999999999654676e+00 1.129779007472097918e+00
-8.599999999999653255e+00 1.576176280528307050e+00
-8.499999999999651834e+00 2.515203948318958105e+00
-8.399999999999650413e+00 3.848191930353641599e+00
-8.299999999999648992e+00 5.139534956216811779e+00
-8.199999999999647571e+00 5.781908476352692006e+00
-8.099999999999646150e+00 5.871379226446151733e+00
-7.999999999999644729e+00 5.183813671767711462e+00
-7.899999999999643308e+00 3.947434405982494177e+00
-7.799999999999641886e+00 2.712912486121058286e+00
-7.699999999999640465e+00 1.633804646506905600e+00
-7.599999999999639044e+00 7.714658279903232607e-01
-7.499999999999637623e+00 3.370697909966111072e-01
-7.399999999999636202e+00 7.722340910404454362e-02
-7.299999999999634781e+00 2.246794244347256539e-02
-7.199999999999633360e+00 1.083783855483488878e-02
-7.099999999999631939e+00 1.801035420357948239e-02
-6.999999999999630518e+00 3.690503594552865113e-02
-6.899999999999629097e+00 6.508138597011565718e-01
-6.799999999999627676e+00 1.243829162791371346e+00
-6.699999999999626255e+00 2.396464811637997627e+00
-6.599999999999624833e+00 3.821448891609906973e+00
-6.499999999999623412e+00 5.431536094844341633e+00
-6.399999999999621991e+00 6.375454920530319036e+00
-6.299999999999620570e+00 6.505296371877193451e+00
-6.199999999999619149e+00 5.378235389292240320e+00
-6.099999999999617728e+00 4.021442138403654276e+00
-5.999999999999616307e+00 2.448393444344401537e+00
-5.899999999999614886e+00 1.192424727603793144e+00
-5.799999999999613465e+00 4.329425644828006625e-01
-5.699999999999612044e+00 1.469377306464593747e-01
-5.599999999999610623e+00 2.225929957439802889e-02
-5.499999999999609201e+00 8.547673212979134752e-03
-5.399999999999607780e+00 5.844606086611748175e-04
-5.299999999999606359e+00 8.648711154819465903e-05
-5.199999999999604938e+00 0.000000000000000000e+00
-5.099999999999603517e+00 0.000000000000000000e+00
-4.999999999999602096e+00 0.000000000000000000e+00
-4.899999999999600675e+00 0.000000000000000000e+00
-4.799999999999599254e+00 0.000000000000000000e+00
-4.699999999999597833e+00 0.000000000000000000e+00
-4.599999999999596412e+00 0.000000000000000000e+00
-4.499999999999594991e+00 1.941353682013868820e-03
-4.399999999999593570e+00 4.089919417674536470e-03
-4.299999999999592148e+00 2.011915377943296421e-03
-4.199999999999590727e+00 0.000000000000000000e+00
-4.099999999999589306e+00 4.271207610145211111e-04
-3.999999999999587885e+00 8.670218987390399413e-04
-3.899999999999586464e+00 4.432484507560730197e-04
-3.799999999999585043e+00 7.907739891379605437e-05
-3.699999999999583622e+00 2.439668679471651504e-04
-3.599999999999582201e+00 7.764788933855016056e-05
-3.499999999999580780e+00 0.000000000000000000e+00
-3.399999999999579359e+00 0.000000000000000000e+00
-3.299999999999577938e+00 0.000000000000000000e+00
-3.199999999999576517e+00 0.000000000000000000e+00
-3.099999999999575095e+00 0.000000000000000000e+00
-2.999999999999573674e+00 0.000000000000000000e+00
-2.899999999999572253e+00 1.019602466840296957e-04
-2.799999999999570832e+00 3.064682940021157373e-04
-2.699999999999569411e+00 1.633667848363984420e-03
-2.599999999999567990e+00 4.024458381172735591e-03
-2.499999999999566569e+00 2.588954437123902694e-03
-2.399999999999565148e+00 4.791328194050948133e-03
-2.299999999999563727e+00 9.068607877259183062e-03
-2.199999999999562306e+00 9.076598176761763170e-03
-2.099999999999560885e+00 3.468116163207923992e-03
-1.999999999999559464e+00 4.737509298574878180e-02
-1.899999999999558042e+00 1.128090001526288744e-01
-1.799999999999556621e+00 3.203927983297035209e-01
-1.699999999999555200e+00 9.767553783953190072e-01
-1.599999999999553779e+00 2.306843233108520685e+00
-1.499999999999552358e+00 4.095038379728793920e+00
-1.399999999999550937e+00 5.854426293075084331e+00
-1.299999999999549516e+00 6.857998725771904169e+00
-1.199999999999548095e+00 7.096468564867973505e+00
-1.099999999999546674e+00 6.090434136986732305e+00
-9.999999999995452526e-01 5.262379431724548695e+00
-8.999999999995438316e-01 4.448167128860950115e+00
-7.999999999995424105e-01 4.195434245467185796e+00
-6.999999999995409894e-01 3.966555060446262271e+00
-5.999999999995395683e-01 3.586363743245601476e+00
-4.999999999995381472e-01 2.857746765017509460e+00
-3.999999999995367261e-01 2.534438040107488632e+00
-2.999999999995353051e-01 3.056144495308399378e+00
-1.999999999995338840e-01 4.502141149342060444e+00
-9.999999999953246288e-02 6.668550918996333898e+00
4.689582056016661227e-13 8.903485295176505332e+00
1.000000000004703793e-01 1.063878868818283152e+01
2.000000000004718004e-01 1.171873653531074488e+01
3.000000000004732215e-01 1.203318646252155233e+01
4.000000000004746425e-01 1.227125696539878774e+01
5.000000000004760636e-01 1.227289450764656031e+01
6.000000000004774847e-01 1.331102289855480159e+01
7.000000000004789058e-01 1.468193280100822484e+01
8.000000000004803269e-01 1.636192418038844920e+01
9.000000000004817480e-01 1.851717665791511536e+01
1.000000000000483169e+00 1.898246966600418162e+01
