-3.300000000000000000e+01 6.772288805572315717e-02
-3.289999999999999858e+01 1.141412639536429213e-01
-3.279999999999999716e+01 5.211726107227150628e-02
-3.269999999999999574e+01 2.352368809624749701e-03
-3.259999999999999432e+01 1.621287401636436684e-02
-3.249999999999999289e+01 4.373332453556941224e-02
-3.239999999999999147e+01 3.074840612059460965e-02
-3.229999999999999005e+01 1.974258718684723107e-02
-3.219999999999998863e+01 3.592469909412102091e-02
-3.209999999999998721e+01 4.768651835111085979e-02
-3.199999999999998579e+01 6.651285224780439931e-01
-3.189999999999998437e+01 1.448662554025649918e+00
-3.179999999999998295e+01 9.152257715165614815e-01
-3.169999999999998153e+01 1.892982925102114633e-01
-3.159999999999998010e+01 5.424339517325279386e-02
-3.149999999999997868e+01 8.738509314614929802e-02
-3.139999999999997726e+01 5.501725692674517276e-01
-3.129999999999997584e+01 1.036716302223503527e+00
-3.119999999999997442e+01 6.952874137833714441e-01
-3.109999999999997300e+01 4.832236380223184913e-01
-3.099999999999997158e+01 2.582140236301347369e-01
-3.089999999999997016e+01 4.457949730560813173e-02
-3.079999999999996874e+01 2.124916737062449226e-02
-3.069999999999996732e+01 2.621352250425843661e-03
-3.059999999999996589e+01 7.980601829890474411e-03
-3.049999999999996447e+01 1.755126641932292994e-02
-3.039999999999996305e+01 1.642245705841560363e-02
-3.029999999999996163e+01 1.175582363837747793e-02
-3.019999999999996021e+01 2.700149262282138668e-02
-3.009999999999995879e+01 1.017006722021687876e-01
-2.999999999999995737e+01 1.174056340116658298e-01
-2.989999999999995595e+01 4.699210930280969811e-02
-2.979999999999995453e+01 6.697531249024905875e-02
-2.969999999999995310e+01 1.527160198404453606e-01
-2.959999999999995168e+01 7.303721347765530780e-02
-2.949999999999995026e+01 5.400749305459612293e-02
-2.939999999999994884e+01 9.724696386285358596e-02
-2.929999999999994742e+01 5.292990585196093861e-02
-2.919999999999994600e+01 6.689841899114981442e-03
-2.909999999999994458e+01 4.431872058848967261e-03
-2.899999999999994316e+01 5.604797971827792623e-03
-2.889999999999994174e+01 3.800682020297244806e-02
-2.879999999999994031e+01 8.364677848379870051e-02
-2.869999999999993889e+01 3.580351993034128211e-02
-2.859999999999993747e+01 2.198636248818189656e-02
-2.849999999999993605e+01 3.834923058003187335e-01
-2.839999999999993463e+01 7.505753812566399175e-01
-2.829999999999993321e+01 4.199464667215943581e-01
-2.819999999999993179e+01 2.068434685561806041e-01
-2.809999999999993037e+01 8.916663245856761844e-01
-2.799999999999992895e+01 1.293415632545948046e+00
-2.789999999999992752e+01 6.269176155328750610e-01
-2.779999999999992610e+01 1.715141747135203454e-01
-2.769999999999992468e+01 2.326229487848468225e-01
-2.759999999999992326e+01 1.025958945392630994e-01
-2.749999999999992184e+01 4.942743344120117260e-03
-2.739999999999992042e+01 3.013450070711769322e-03
-2.729999999999991900e+01 2.311410433030687116e-03
-2.719999999999991758e+01 3.176047805916823452e-02
-2.709999999999991616e+01 6.254517786408542168e-02
-2.699999999999991473e+01 3.823227693239459463e-02
-2.689999999999991331e+01 2.063343975212774198e-02
-2.679999999999991189e+01 1.761103828488557940e-02
-2.669999999999991047e+01 1.829357564718520762e-02
-2.659999999999990905e+01 7.165185432973117385e-02
-2.649999999999990763e+01 1.306821959835360869e-01
-2.639999999999990621e+01 9.981062683742493447e-02
-2.629999999999990479e+01 8.004471669788472410e-02
-2.619999999999990337e+01 1.195611872372683154e-01
-2.609999999999990195e+01 1.924787827284308028e-01
-2.599999999999990052e+01 1.001593102837796262e-01
-2.589999999999989910e+01 2.912504474479647026e-02
-2.579999999999989768e+01 3.385840524075320324e-02
-2.569999999999989626e+01 9.059909456166991004e-02
-2.559999999999989484e+01 1.712350738749955914e-01
-2.549999999999989342e+01 9.259172760386719103e-02
-2.539999999999989200e+01 9.633407792643993925e-03
-2.529999999999989058e+01 1.813192121589793371e-02
-2.519999999999988916e+01 6.282333707636439390e-02
-2.509999999999988773e+01 7.161373089707921691e-02
-2.499999999999988631e+01 1.545766304712742623e-01
-2.489999999999988489e+01 2.930291576497257022e-01
-2.479999999999988347e+01 1.378607119421940419e-01
-2.469999999999988205e+01 1.270648640958825168e-02
-2.459999999999988063e+01 8.768641745788045838e-02
-2.449999999999987921e+01 1.759239194169640585e-01
-2.439999999999987779e+01 8.805219007976120005e-02
-2.429999999999987637e+01 1.956148117105840217e-02
-2.419999999999987494e+01 2.044948757293241215e-02
-2.409999999999987352e+01 1.164628439830266843e-02
-2.399999999999987210e+01 2.319810621444048579e-02
-2.389999999999987068e+01 4.411201411581714554e-02
-2.379999999999986926e+01 3.100145510432980589e-02
-2.369999999999986784e+01 3.053038481499243187e-02
-2.359999999999986642e+01 2.094267628715897403e-02
-2.349999999999986500e+01 4.910632358019938887e-02
-2.339999999999986358e+01 9.605827227132976431e-02
-2.329999999999986215e+01 6.681620960909639972e-02
-2.319999999999986073e+01 4.596547852954244867e-02
-2.309999999999985931e+01 3.441117689422754089e-02
-2.299999999999985789e+01 6.400235195280401523e-02
-2.289999999999985647e+01 1.122369222911720477e-01
-2.279999999999985505e+01 1.582391469471622347e-01
-2.269999999999985363e+01 2.259577740891836606e-01
-2.259999999999985221e+01 1.366766541363904353e-01
-2.249999999999985079e+01 8.516206105792661907e-02
-2.239999999999984936e+01 1.240911792826227544e-01
-2.229999999999984794e+01 6.181812189548509251e-02
-2.219999999999984652e+01 1.158246809291085810e-01
-2.209999999999984510e+01 3.040907097421586269e-01
-2.199999999999984368e+01 3.481301330821588436e-01
-2.189999999999984226e+01 2.442688236688263792e-01
-2.179999999999984084e+01 5.172969694342464120e-01
-2.169999999999983942e+01 9.800842032581568164e-01
-2.159999999999983800e+01 1.982986395806074054e+00
-2.149999999999983658e+01 2.695221969783306193e+00
-2.139999999999983515e+01 3.113216130733489795e+00
-2.129999999999983373e+01 3.636752253770828336e+00
-2.119999999999983231e+01 3.579955101013183594e+00
-2.109999999999983089e+01 3.226571931540965998e+00
-2.099999999999982947e+01 3.569211584925651604e+00
-2.089999999999982805e+01 5.340239982604980895e+00
-2.079999999999982663e+01 7.996291143894195486e+00
-2.069999999999982521e+01 1.033602794766426136e+01
-2.059999999999982379e+01 1.085726358413696246e+01
-2.049999999999982236e+01 9.071805020570755218e+00
-2.039999999999982094e+01 7.895496906042098750e+00
-2.029999999999981952e+01 8.069439263343811675e+00
-2.019999999999981810e+01 8.630341295003891133e+00
-2.009999999999981668e+01 9.152772920131683421e+00
-1.999999999999981526e+01 8.099525044560431652e+00
-1.989999999999981384e+01 7.634136877059936488e+00
-1.979999999999981242e+01 8.424528014659880881e+00
-1.969999999999981100e+01 8.555997320413588625e+00
-1.959999999999980957e+01 8.162459996342658286e+00
-1.949999999999980815e+01 7.597624467611312937e+00
-1.939999999999980673e+01 6.829291695356369374e+00
-1.929999999999980531e+01 7.741384153962135528e+00
-1.919999999999980389e+01 9.575262212753296254e+00
-1.909999999999980247e+01 9.698657710552215150e+00
-1.899999999999980105e+01 1.023304687738418650e+01
-1.889999999999979963e+01 1.187721484065055932e+01
-1.879999999999979821e+01 1.309790475368499685e+01
-1.869999999999979678e+01 1.320150967001914921e+01
-1.859999999999979536e+01 1.145626642942428575e+01
-1.849999999999979394e+01 8.271090611815452576e+00
-1.839999999999979252e+01 6.695519583225250315e+00
-1.829999999999979110e+01 8.280921940803528614e+00
-1.819999999999978968e+01 1.534413950920104952e+01
-1.809999999999978826e+01 2.077471857547759981e+01
-1.799999999999978684e+01 2.405591934204101534e+01
-1.789999999999978542e+01 2.390634191989898838e+01
-1.779999999999978400e+01 1.941273114442825332e+01
-1.769999999999978257e+01 1.243521103978157072e+01
-1.759999999999978115e+01 8.761785024404526112e+00
-1.749999999999977973e+01 5.677931485772132802e+00
-1.739999999999977831e+01 5.545620947480201401e+00
-1.729999999999977689e+01 5.946972848773002696e+00
-1.719999999999977547e+01 6.846459816098213302e+00
-1.709999999999977405e+01 6.751951002478599584e+00
-1.699999999999977263e+01 7.181417953968048273e+00
-1.689999999999977121e+01 7.266778339743614090e+00
-1.679999999999976978e+01 9.083038638830185363e+00
-1.669999999999976836e+01 1.082089531183242848e+01
-1.659999999999976694e+01 1.288738274574279785e+01
-1.649999999999976552e+01 1.356634690046310432e+01
-1.639999999999976410e+01 1.637203653335571119e+01
-1.629999999999976268e+01 1.679710944652557458e+01
-1.619999999999976126e+01 1.384288992881774938e+01
-1.609999999999975984e+01 9.932570766210556457e+00
-1.599999999999975842e+01 7.046257045865059077e+00
-1.589999999999975699e+01 4.148986651599407161e+00
-1.579999999999975557e+01 3.554660807549953283e+00
-1.569999999999975415e+01 3.804635902643203949e+00
-1.559999999999975273e+01 4.845224472284317407e+00
-1.549999999999975131e+01 6.175422002673149002e+00
-1.539999999999974989e+01 7.618489814996719289e+00
-1.529999999999974847e+01 1.135832078814506474e+01
-1.519999999999974705e+01 1.250053795218467734e+01
-1.509999999999974563e+01 1.695648776054382267e+01
-1.499999999999974420e+01 1.943310058593749901e+01
-1.489999999999974278e+01 1.984036102533340440e+01
-1.479999999999974136e+01 1.935735960006713796e+01
-1.469999999999973994e+01 1.827414724111557121e+01
-1.459999999999973852e+01 1.568369743108749326e+01
-1.449999999999973710e+01 1.501298218846321042e+01
-1.439999999999973568e+01 1.384557173252105677e+01
-1.429999999999973426e+01 1.417618630886077824e+01
-1.419999999999973284e+01 1.396785882711410487e+01
-1.409999999999973141e+01 1.447417939424514799e+01
-1.399999999999972999e+01 1.586053788542747434e+01
-1.389999999999972857e+01 1.648810678839683419e+01
-1.379999999999972715e+01 1.553974653959274299e+01
-1.369999999999972573e+01 1.257399186968803484e+01
-1.359999999999972431e+01 1.039179986000061007e+01
-1.349999999999972289e+01 9.375525006055831057e+00
-1.339999999999972147e+01 8.552271605134009747e+00
-1.329999999999972005e+01 9.163303334712981751e+00
-1.319999999999971863e+01 1.020853834748268163e+01
-1.309999999999971720e+01 1.122057208299636777e+01
-1.299999999999971578e+01 1.193850981831550584e+01
-1.289999999999971436e+01 1.541564858078956668e+01
-1.279999999999971294e+01 1.756792705535888643e+01
-1.269999999999971152e+01 2.024885658979415837e+01
-1.259999999999971010e+01 1.919303078889846859e+01
-1.249999999999970868e+01 1.834234691619873203e+01
-1.239999999999970726e+01 1.521432382941246075e+01
-1.229999999999970584e+01 1.479876723051071252e+01
-1.219999999999970441e+01 1.287974500417709400e+01
-1.209999999999970299e+01 1.564106403708457904e+01
-1.199999999999970157e+01 1.814111405611038208e+01
-1.189999999999970015e+01 2.176238722562790073e+01
-1.179999999999969873e+01 2.339797434329986459e+01
-1.169999999999969731e+01 2.370716741800308114e+01
-1.159999999999969589e+01 2.181475334405898892e+01
-1.149999999999969447e+01 2.042687349796295138e+01
-1.139999999999969305e+01 1.981524755001068172e+01
-1.129999999999969162e+01 1.774365118741989278e+01
-1.119999999999969020e+01 1.538623545765876699e+01
-1.109999999999968878e+01 1.355343124270439148e+01
-1.099999999999968736e+01 1.201131131768226545e+01
-1.089999999999968594e+01 1.103691213011741645e+01
-1.079999999999968452e+01 1.188154935240745580e+01
-1.069999999999968310e+01 1.323866291522979743e+01
-1.059999999999968168e+01 1.584054336905479410e+01
-1.049999999999968026e+01 1.840307479143142544e+01
-1.039999999999967883e+01 2.036929319143295203e+01
-1.029999999999967741e+01 2.018459820985794195e+01
-1.019999999999967599e+01 1.773148221731186069e+01
-1.009999999999967457e+01 1.636659527063369879e+01
-9.999999999999673150e+00 1.691307710409164500e+01
-9.899999999999671729e+00 1.946833945989608594e+01
-9.799999999999670308e+00 2.121551496267318626e+01
-9.699999999999668887e+00 2.376551261186599717e+01
-9.599999999999667466e+00 2.597397776126861402e+01
-9.499999999999666045e+00 2.628619782447815112e+01
-9.399999999999664624e+00 2.437503962993621798e+01
-9.299999999999663203e+00 2.767846585512161184e+01
-9.199999999999661782e+00 2.829876605033874526e+01
-9.099999999999660361e+00 3.089369545221328650e+01
-8.999999999999658939e+00 3.170154638528823909e+01
-8.899999999999657518e+00 3.538601758003235176e+01
-8.799999999999656097e+00 3.728704767227172567e+01
-8.699999999999654676e+00 3.945238641738891516e+01
-8.599999999999653255e+00 4.551526183128356706e+01
-8.499999999999651834e+00 4.922999364852905302e+01
-8.399999999999650413e+00 4.631414016246795740e+01
-8.299999999999648992e+00 4.240835000038146774e+01
-8.199999999999647571e+00 3.577638232231139881e+01
-8.099999999999646150e+00 2.716818091154098624e+01
-7.999999999999644729e+00 2.422454367876052927e+01
-7.899999999999643308e+00 2.091674243688583346e+01
-7.799999999999641886e+00 2.048764129400253253e+01
-7.699999999999640465e+00 1.984378753900528025e+01
-7.599999999999639044e+00 1.839015657186508079e+01
-7.499999999999637623e+00 1.785622188806533828e+01
-7.399999999999636202e+00 1.711402075529098354e+01
-7.299999999999634781e+00 1.650138672351837243e+01
-7.199999999999633360e+00 1.769165967702865672e+01
-7.099999999999631939e+00 2.325597753524780131e+01
-6.999999999999630518e+00 2.933498389244079618e+01
-6.899999999999629097e+00 3.318033919334411763e+01
-6.799999999999627676e+00 3.735181981563567888e+01
-6.699999999999626255e+00 4.043976919651031210e+01
-6.599999999999624833e+00 4.290942141532897836e+01
-6.499999999999623412e+00 4.195908864974975927e+01
-6.399999999999621991e+00 3.906407355785369617e+01
-6.299999999999620570e+00 3.132508975505828985e+01
-6.199999999999619149e+00 2.100945400476455660e+01
-6.099999999999617728e+00 1.077266357541084218e+01
-5.999999999999616307e+00 6.001551672220229783e+00
-5.899999999999614886e+00 3.189784238338470246e+00
-5.799999999999613465e+00 1.752750057727098465e+00
-5.699999999999612044e+00 4.992196404375136010e-01
-5.599999999999610623e+00 2.604713211208581902e-01
-5.499999999999609201e+00 1.376167154440190721e-01
-5.399999999999607780e+00 6.175776041671633410e-01
-5.299999999999606359e+00 8.825314669683576030e-01
-5.199999999999604938e+00 4.402115461230278193e-01
-5.099999999999603517e+00 2.235422938443662119e-02
-4.999999999999602096e+00 5.229735921268002102e-02
-4.899999999999600675e+00 1.063204288119595775e-01
-4.799999999999599254e+00 7.392974917427636017e-02
-4.699999999999597833e+00 3.446803321215611421e-02
-4.599999999999596412e+00 3.839555786544224247e-02
-4.499999999999594991e+00 4.056220702354039476e-02
-4.399999999999593570e+00 3.202974463732971566e-02
-4.299999999999592148e+00 3.980675250217700217e-02
-4.199999999999590727e+00 3.556906405136487509e-02
-4.099999999999589306e+00 3.133121695558657022e-02
-3.999999999999587885e+00 1.884164058035821612e-02
-3.899999999999586464e+00 2.441301137416417022e-02
-3.799999999999585043e+00 3.971053190216480150e-02
-3.699999999999583622e+00 2.577672011870163135e-02
-3.599999999999582201e+00 8.313622948713600413e-02
-3.499999999999580780e+00 1.900999687984585851e-01
-3.399999999999579359e+00 1.039325755136087520e-01
-3.299999999999577938e+00 7.760502402961719226e-02
-3.199999999999576517e+00 1.498380862682824888e-01
-3.099999999999575095e+00 9.489202407305129261e-02
-2.999999999999573674e+00 3.017699724063277120e-02
-2.899999999999572253e+00 1.494941081396973515e-02
-2.799999999999570832e+00 1.440237071330193463e-01
-2.699999999999569411e+00 2.676611881935969106e-01
-2.599999999999567990e+00 2.341778920730575864e-01
-2.499999999999566569e+00 2.254403848457150195e-01
-2.399999999999565148e+00 1.201542693527881123e-01
-2.299999999999563727e+00 3.985060068393067589e-02
-2.199999999999562306e+00 2.135953302291454872e-02
-2.099999999999560885e+00 7.004107178086997620e-02
-1.999999999999559464e+00 1.417152090155286703e-01
-1.899999999999558042e+00 7.568329363639350604e-02
-1.799999999999556621e+00 4.403512185308500367e-03
-1.699999999999555200e+00 6.919117947452377640e-03
-1.599999999999553779e+00 1.753348441576236053e-02
-1.499999999999552358e+00 5.142018450274918329e-02
-1.399999999999550937e+00 1.111922159318783077e-01
-1.299999999999549516e+00 6.029886544495820511e-01
-1.199999999999548095e+00 1.392917952165007689e+00
-1.099999999999546674e+00 2.167357612252235555e+00
-9.999999999995452526e-01 3.132683866024017494e+00
-8.999999999995438316e-01 4.501793180704116715e+00
-7.999999999995424105e-01 5.172421876788138917e+00
-6.999999999995409894e-01 5.756545680761337103e+00
-5.999999999995395683e-01 6.662435702681541727e+00
-4.999999999995381472e-01 7.589306319952011215e+00
-3.999999999995367261e-01 6.529227643013000737e+00
-2.999999999995353051e-01 5.311092640757561156e+00
-1.999999999995338840e-01 4.635798630118370234e+00
-9.999999999953246288e-02 3.319820471405983131e+00
4.689582056016661227e-13 3.092378568947315109e+00
1.000000000004703793e-01 3.673513342142105120e+00
2.000000000004718004e-01 2.656071494072675510e+00
3.000000000004732215e-01 2.043692802861333035e+00
4.000000000004746425e-01 3.220511497855186533e+00
5.000000000004760636e-01 4.389794706106186162e+00
6.000000000004774847e-01 5.776981508135795806e+00
7.000000000004789058e-01 6.949714924693108031e+00
8.000000000004803269e-01 5.105680308341979945e+00
9.000000000004817480e-01 3.138436710685491349e+00
1.000000000000483169e+00 4.994490931034087922e+00
