-3.300000000000000000e+01 4.134437204775167664e-03
-3.289999999999999858e+01 3.209096117006993328e-03
-3.279999999999999716e+01 2.052302613446954464e-03
-3.269999999999999574e+01 1.738311934168450474e-03
-3.259999999999999432e+01 7.829169945325702151e-02
-3.249999999999999289e+01 1.919980095047503776e-01
-3.239999999999999147e+01 8.483535180799663122e-02
-3.229999999999999005e+01 5.784745677657383324e-03
-3.219999999999998863e+01 8.022634985077275668e-03
-3.209999999999998721e+01 1.308215966656462066e-02
-3.199999999999998579e+01 2.694837023137551871e-02
-3.189999999999998437e+01 1.835582923473793801e-02
-3.179999999999998295e+01 6.839849899057298677e-02
-3.169999999999998153e+01 1.472517149196937714e-01
-3.159999999999998010e+01 8.809320438886061866e-02
-3.149999999999997868e+01 7.525710269153933207e-02
-3.139999999999997726e+01 9.444290411032853216e-02
-3.129999999999997584e+01 8.186400705315463600e-02
-3.119999999999997442e+01 2.695400923613306202e-02
-3.109999999999997300e+01 2.438862574913400715e-03
-3.099999999999997158e+01 1.450930104183498865e-03
-3.089999999999997016e+01 9.653413823980372659e-04
-3.079999999999996874e+01 3.075925093435216565e-04
-3.069999999999996732e+01 0.000000000000000000e+00
-3.059999999999996589e+01 5.990395744811394122e-04
-3.049999999999996447e+01 3.362840388326731201e-03
-3.039999999999996305e+01 5.049278032988695902e-03
-3.029999999999996163e+01 1.484778768317482952e-03
-3.019999999999996021e+01 5.362031285312695737e-04
-3.009999999999995879e+01 1.517631454771617471e-03
-2.999999999999995737e+01 1.670126388853532349e-03
-2.989999999999995595e+01 1.629106065229279834e-03
-2.979999999999995453e+01 1.607707227946662083e-03
-2.969999999999995310e+01 1.881458536980062587e-02
-2.959999999999995168e+01 3.772158807846835715e-02
-2.949999999999995026e+01 1.644135921968427339e-02
-2.939999999999994884e+01 1.504174325591918666e-02
-2.929999999999994742e+01 5.643274565220053607e-02
-2.919999999999994600e+01 9.178067190217915894e-02
-2.909999999999994458e+01 1.024479684282778164e-01
-2.899999999999994316e+01 7.906292244852920759e-02
-2.889999999999994174e+01 6.096139250192209036e-02
-2.879999999999994031e+01 3.872242679106421143e-02
-2.869999999999993889e+01 1.200446640235895701e-02
-2.859999999999993747e+01 3.680169292983918872e-02
-2.849999999999993605e+01 7.751772164736393800e-02
-2.839999999999993463e+01 8.810009896784322392e-02
-2.829999999999993321e+01 7.131600240298667515e-02
-2.819999999999993179e+01 9.145414272788912613e-02
-2.809999999999993037e+01 1.344429059000685767e-01
-2.799999999999992895e+01 7.762986266512598987e-02
-2.789999999999992752e+01 1.515870477677526695e-01
-2.779999999999992610e+01 3.178621952561661579e-01
-2.769999999999992468e+01 3.115709639927081165e-01
-2.759999999999992326e+01 2.571158687729621084e-01
-2.749999999999992184e+01 2.203144431999680686e-01
-2.739999999999992042e+01 1.504029847829480016e-01
-2.729999999999991900e+01 1.366898134670918863e-01
-2.719999999999991758e+01 1.906404672521512245e-01
-2.709999999999991616e+01 2.118033726112480419e-01
-2.699999999999991473e+01 9.019950781948864460e-01
-2.689999999999991331e+01 1.571362445466220281e+00
-2.679999999999991189e+01 3.125551376491785049e+00
-2.669999999999991047e+01 4.343504451066255712e+00
-2.659999999999990905e+01 4.338117624521255600e+00
-2.649999999999990763e+01 4.291386129856110010e+00
-2.639999999999990621e+01 4.623606448173522843e+00
-2.629999999999990479e+01 5.253841672539710572e+00
-2.619999999999990337e+01 5.578115724027156830e+00
-2.609999999999990195e+01 6.259713051617145751e+00
-2.599999999999990052e+01 6.930272541940212250e+00
-2.589999999999989910e+01 7.114834606647491455e+00
-2.579999999999989768e+01 6.418084324300289190e+00
-2.569999999999989626e+01 5.672525095939636053e+00
-2.559999999999989484e+01 5.090916821658611369e+00
-2.549999999999989342e+01 3.841547773182392156e+00
-2.539999999999989200e+01 2.986761083230376368e+00
-2.529999999999989058e+01 2.783912511058151740e+00
-2.519999999999988916e+01 2.359443533644080215e+00
-2.509999999999988773e+01 1.945655627511441610e+00
-2.499999999999988631e+01 1.420501339249312878e+00
-2.489999999999988489e+01 9.572333977947710126e-01
-2.479999999999988347e+01 9.115708594315219404e-01
-2.469999999999988205e+01 7.955538779462222321e-01
-2.459999999999988063e+01 3.689917009243072199e-01
-2.449999999999987921e+01 7.873152902655419783e-02
-2.439999999999987779e+01 3.222259682723233737e-02
-2.429999999999987637e+01 1.676267823680973462e-02
-2.419999999999987494e+01 3.578910930467827517e-02
-2.409999999999987352e+01 6.981934987757995592e-02
-2.399999999999987210e+01 4.925230175387696613e-02
-2.389999999999987068e+01 4.210900763007145720e-02
-2.379999999999986926e+01 2.858970542351016789e-02
-2.369999999999986784e+01 1.299114162931800862e-02
-2.359999999999986642e+01 9.624465724500623140e-03
-2.349999999999986500e+01 1.546105565517791498e-02
-2.339999999999986358e+01 1.403172344253107370e-02
-2.329999999999986215e+01 1.109105855216967022e-02
-2.319999999999986073e+01 1.662233524540170093e-02
-2.309999999999985931e+01 7.748299614390817026e-03
-2.299999999999985789e+01 3.611986568649569896e-03
-2.289999999999985647e+01 5.910238966091583418e-03
-2.279999999999985505e+01 2.670996138527698474e-02
-2.269999999999985363e+01 5.736360409711778463e-02
-2.259999999999985221e+01 3.554427729657618634e-02
-2.249999999999985079e+01 1.829724488525243803e-02
-2.239999999999984936e+01 1.227200328095932533e-02
-2.229999999999984794e+01 1.054322079045959953e-02
-2.219999999999984652e+01 2.580705063857749448e-02
-2.209999999999984510e+01 7.448222254381108021e-02
-2.199999999999984368e+01 1.779962194788095031e-01
-2.189999999999984226e+01 2.793462577275931946e-01
-2.179999999999984084e+01 4.466581559507176169e-01
-2.169999999999983942e+01 6.735916114412248135e-01
-2.159999999999983800e+01 9.888239515945315139e-01
-2.149999999999983658e+01 1.071107273139059624e+00
-2.139999999999983515e+01 8.301641064137220694e-01
-2.129999999999983373e+01 6.189441689662635859e-01
-2.119999999999983231e+01 4.733876856230199159e-01
-2.109999999999983089e+01 2.989700245857238592e-01
-2.099999999999982947e+01 2.924370039626956186e-01
-2.089999999999982805e+01 4.379130112705752476e-01
-2.079999999999982663e+01 6.193750505894421998e-01
-2.069999999999982521e+01 7.877870880626142158e-01
-2.059999999999982379e+01 8.702609560824930979e-01
-2.049999999999982236e+01 1.437418111637234652e+00
-2.039999999999982094e+01 2.732318633794784457e+00
-2.029999999999981952e+01 3.456531267017126208e+00
-2.019999999999981810e+01 4.005293790400028087e+00
-2.009999999999981668e+01 4.389427164494991374e+00
-1.999999999999981526e+01 4.469899595975875606e+00
-1.989999999999981384e+01 4.206491360664367463e+00
-1.979999999999981242e+01 3.429187799692154037e+00
-1.969999999999981100e+01 2.484925454109907061e+00
-1.959999999999980957e+01 1.677316381260752776e+00
-1.949999999999980815e+01 1.082093814164400092e+00
-1.939999999999980673e+01 8.000682950019836204e-01
-1.929999999999980531e+01 1.067228354662656864e+00
-1.919999999999980389e+01 1.457926287129521326e+00
-1.909999999999980247e+01 1.472922410443425090e+00
-1.899999999999980105e+01 1.603871910050511440e+00
-1.889999999999979963e+01 2.426834499835968106e+00
-1.879999999999979821e+01 3.320946950465440750e+00
-1.869999999999979678e+01 3.612388278543948950e+00
-1.859999999999979536e+01 3.966506473124027377e+00
-1.849999999999979394e+01 4.328129281997680877e+00
-1.839999999999979252e+01 4.405795621275902185e+00
-1.829999999999979110e+01 4.752587308287620438e+00
-1.819999999999978968e+01 4.584961271882057154e+00
-1.809999999999978826e+01 3.831549849808216113e+00
-1.799999999999978684e+01 3.581342892050743298e+00
-1.789999999999978542e+01 3.080011466592550207e+00
-1.779999999999978400e+01 2.427772314101457773e+00
-1.769999999999978257e+01 1.798401688411831900e+00
-1.759999999999978115e+01 2.674485130012035583e+00
-1.749999999999977973e+01 3.858038431406021207e+00
-1.739999999999977831e+01 3.543254225850105410e+00
-1.729999999999977689e+01 3.179706286936998527e+00
-1.719999999999977547e+01 3.257543568760156827e+00
-1.709999999999977405e+01 2.865690300911664767e+00
-1.699999999999977263e+01 2.110366133898496699e+00
-1.689999999999977121e+01 1.289956780783832135e+00
-1.679999999999976978e+01 9.224729787558316740e-01
-1.669999999999976836e+01 9.316424063220619667e-01
-1.659999999999976694e+01 1.623060515820980099e+00
-1.649999999999976552e+01 2.007245502322912323e+00
-1.639999999999976410e+01 3.280230577737092812e+00
-1.629999999999976268e+01 4.337881544530391764e+00
-1.619999999999976126e+01 3.991036529839038671e+00
-1.609999999999975984e+01 3.138139588236808830e+00
-1.599999999999975842e+01 3.117177600413560956e+00
-1.589999999999975699e+01 3.285916758924722458e+00
-1.579999999999975557e+01 2.774899939745664401e+00
-1.569999999999975415e+01 3.230846666693687474e+00
-1.559999999999975273e+01 4.112714185416698420e+00
-1.549999999999975131e+01 4.058516740500927256e+00
-1.539999999999974989e+01 3.888894680589437325e+00
-1.529999999999974847e+01 4.859083322882652212e+00
-1.519999999999974705e+01 5.082049261629581594e+00
-1.509999999999974563e+01 5.572012494206428634e+00
-1.499999999999974420e+01 6.260864086747169210e+00
-1.489999999999974278e+01 6.873092469871044052e+00
-1.479999999999974136e+01 6.573772891759872117e+00
-1.469999999999973994e+01 6.987175705432892237e+00
-1.459999999999973852e+01 6.536410978138446737e+00
-1.449999999999973710e+01 6.504607368707656434e+00
-1.439999999999973568e+01 6.214342515170574011e+00
-1.429999999999973426e+01 5.277571687996387872e+00
-1.419999999999973284e+01 3.719644192457199239e+00
-1.409999999999973141e+01 3.171059900522231967e+00
-1.399999999999972999e+01 2.480850978121161621e+00
-1.389999999999972857e+01 1.967981822043657347e+00
-1.379999999999972715e+01 1.529936838336289018e+00
-1.369999999999972573e+01 1.474579549580812499e+00
-1.359999999999972431e+01 1.738990481793880383e+00
-1.349999999999972289e+01 2.315925083309411825e+00
-1.339999999999972147e+01 2.829562856554984851e+00
-1.329999999999972005e+01 3.895804002732038640e+00
-1.319999999999971863e+01 4.476666731536388610e+00
-1.309999999999971720e+01 4.142869673967361166e+00
-1.299999999999971578e+01 4.203711438775062703e+00
-1.289999999999971436e+01 6.019993431866168976e+00
-1.279999999999971294e+01 8.010109139084816476e+00
-1.269999999999971152e+01 8.836640617847443480e+00
-1.259999999999971010e+01 8.328294970393180563e+00
-1.249999999999970868e+01 7.795799185037612489e+00
-1.239999999999970726e+01 7.940389616489410329e+00
-1.229999999999970584e+01 9.778395954966544679e+00
-1.219999999999970441e+01 1.024711431920528426e+01
-1.209999999999970299e+01 1.033307072281837513e+01
-1.199999999999970157e+01 1.022105841279029903e+01
-1.189999999999970015e+01 9.840191947817801932e+00
-1.179999999999969873e+01 8.656553961038589762e+00
-1.169999999999969731e+01 8.065196970105171559e+00
-1.159999999999969589e+01 8.047262851595878175e+00
-1.149999999999969447e+01 7.619858086109161377e+00
-1.139999999999969305e+01 7.879549562931060791e+00
-1.129999999999969162e+01 8.217664834856986289e+00
-1.119999999999969020e+01 7.675645405054092762e+00
-1.109999999999968878e+01 6.635131357312202383e+00
-1.099999999999968736e+01 5.586136518716812382e+00
-1.089999999999968594e+01 4.813906256854534327e+00
-1.079999999999968452e+01 5.180398613512515738e+00
-1.069999999999968310e+01 5.575755213797092047e+00
-1.059999999999968168e+01 6.431143782734871195e+00
-1.049999999999968026e+01 6.712683643698692748e+00
-1.039999999999967883e+01 6.339668637514114025e+00
-1.029999999999967741e+01 6.026144010722637390e+00
-1.019999999999967599e+01 5.950227558016776719e+00
-1.009999999999967457e+01 5.422702466547488775e+00
-9.999999999999673150e+00 6.292796959877014373e+00
-9.899999999999671729e+00 7.429416493177414260e+00
-9.799999999999670308e+00 8.960137304663657432e+00
-9.699999999999668887e+00 9.824134501218795279e+00
-9.599999999999667466e+00 1.034921026647090869e+01
-9.499999999999666045e+00 1.001526157557964325e+01
-9.399999999999664624e+00 8.924858863949776122e+00
-9.299999999999663203e+00 7.619463608264923415e+00
-9.199999999999661782e+00 7.032549481987953044e+00
-9.099999999999660361e+00 7.183235764503479004e+00
-8.999999999999658939e+00 7.233202958106994984e+00
-8.899999999999657518e+00 7.799536253213882553e+00
-8.799999999999656097e+00 8.877018844485283111e+00
-8.699999999999654676e+00 9.423065042495727184e+00
-8.599999999999653255e+00 9.977945632338524717e+00
-8.499999999999651834e+00 9.613917152881622741e+00
-8.399999999999650413e+00 7.258930948376655756e+00
-8.299999999999648992e+00 5.396423797309398473e+00
-8.199999999999647571e+00 5.141300436258315898e+00
-8.099999999999646150e+00 4.982387917935848343e+00
-7.999999999999644729e+00 6.599010638594627665e+00
-7.899999999999643308e+00 8.250599030256271504e+00
-7.799999999999641886e+00 8.591620373725891824e+00
-7.699999999999640465e+00 8.243200993537902477e+00
-7.599999999999639044e+00 7.230738657116890344e+00
-7.499999999999637623e+00 5.944148497581482005e+00
-7.399999999999636202e+00 5.278672573864460205e+00
-7.299999999999634781e+00 5.278005513846874663e+00
-7.199999999999633360e+00 6.406449773311615026e+00
-7.099999999999631939e+00 8.578084976077079205e+00
-6.999999999999630518e+00 9.607744912505149060e+00
-6.899999999999629097e+00 1.043673255980014858e+01
-6.799999999999627676e+00 1.096027029812336018e+01
-6.699999999999626255e+00 1.072744906783103858e+01
-6.599999999999624833e+00 1.010694761216640458e+01
-6.499999999999623412e+00 9.338621817827224447e+00
-6.399999999999621991e+00 8.969264642000197796e+00
-6.299999999999620570e+00 9.552737086415291401e+00
-6.199999999999619149e+00 9.100411616563796713e+00
-6.099999999999617728e+00 7.113323412537575052e+00
-5.999999999999616307e+00 6.172164483368396404e+00
-5.899999999999614886e+00 4.899560946822166585e+00
-5.799999999999613465e+00 4.717646187543868663e+00
-5.699999999999612044e+00 4.256425121873617101e+00
-5.599999999999610623e+00 4.170108273625373840e+00
-5.499999999999609201e+00 3.666634587943554013e+00
-5.399999999999607780e+00 2.344491739198565572e+00
-5.299999999999606359e+00 7.827915484551339897e-01
-5.199999999999604938e+00 4.375523850467288867e-01
-5.099999999999603517e+00 1.030921172544913139e-01
-4.999999999999602096e+00 1.162689406734716546e-01
-4.899999999999600675e+00 1.225780919343196773e-01
-4.799999999999599254e+00 1.126802975634927928e-01
-4.699999999999597833e+00 4.943951639353599825e-02
-4.599999999999596412e+00 6.035614999069366382e-02
-4.499999999999594991e+00 1.208553951251087749e-01
-4.399999999999593570e+00 5.819221683195792416e-02
-4.299999999999592148e+00 1.075957869260093895e-02
-4.199999999999590727e+00 5.782300192864795081e-03
-4.099999999999589306e+00 5.391199899712048951e-03
-3.999999999999587885e+00 8.741632088386382463e-03
-3.899999999999586464e+00 8.299684518942741090e-03
-3.799999999999585043e+00 5.057625595036370492e-03
-3.699999999999583622e+00 9.359670061106441577e-03
-3.599999999999582201e+00 4.503549205575836656e-02
-3.499999999999580780e+00 8.133228104707086736e-02
-3.399999999999579359e+00 3.508958428690675535e-02
-3.299999999999577938e+00 1.072127363208096561e-02
-3.199999999999576517e+00 2.560923406211543241e-02
-3.099999999999575095e+00 4.361214362026658020e-02
-2.999999999999573674e+00 1.985278172283869852e-02
-2.899999999999572253e+00 6.172120221890509562e-04
-2.799999999999570832e+00 8.003861358718949992e-02
-2.699999999999569411e+00 1.654449730648775707e-01
-2.599999999999567990e+00 8.975800610889564379e-02
-2.499999999999566569e+00 1.844787753872878869e-02
-2.399999999999565148e+00 1.301094552542053813e-02
-2.299999999999563727e+00 1.475343809390324175e-02
-2.199999999999562306e+00 2.113535773039132079e-02
-2.099999999999560885e+00 8.754370659560663237e-02
-1.999999999999559464e+00 1.556404093868332117e-01
-1.899999999999558042e+00 8.509820114653848799e-02
-1.799999999999556621e+00 2.774279393681354164e-02
-1.699999999999555200e+00 2.094363500516920051e-02
-1.599999999999553779e+00 1.989735045473480651e-02
-1.499999999999552358e+00 1.935818474006373302e-01
-1.399999999999550937e+00 9.225411191023886737e-01
-1.299999999999549516e+00 1.973105763942003321e+00
-1.199999999999548095e+00 2.469461243748664714e+00
-1.099999999999546674e+00 3.158526442050933802e+00
-9.999999999995452526e-01 3.877462372183799744e+00
-8.999999999995438316e-01 4.087479311227798284e+00
-7.999999999995424105e-01 4.075495456159115015e+00
-6.999999999995409894e-01 4.066548459827900253e+00
-5.999999999995395683e-01 3.608998328447341919e+00
-4.999999999995381472e-01 3.477820415943861043e+00
-3.999999999995367261e-01 3.470310552567243523e+00
-2.999999999995353051e-01 3.124334989339113022e+00
-1.999999999995338840e-01 3.205037048757076068e+00
-9.999999999953246288e-02 3.122601885348558426e+00
4.689582056016661227e-13 3.875912315547466402e+00
1.000000000004703793e-01 4.385235590636730407e+00
2.000000000004718004e-01 5.074468805193901311e+00
3.000000000004732215e-01 5.465229700505733312e+00
4.000000000004746425e-01 5.476128792464733053e+00
5.000000000004760636e-01 5.124428740739822352e+00
6.000000000004774847e-01 5.066188286840915822e+00
7.000000000004789058e-01 5.144734642803668656e+00
8.000000000004803269e-01 5.032407379746437037e+00
9.000000000004817480e-01 5.445628803670405915e+00
1.000000000000483169e+00 6.497814049422740545e+00
