-3.300000000000000000e+01 7.676687653281532783e-04
-3.289999999999999858e+01 1.657385808275435666e-03
-3.279999999999999716e+01 5.110927857140267969e-03
-3.269999999999999574e+01 2.854357515740524147e-03
-3.259999999999999432e+01 1.959815780137887445e-02
-3.249999999999999289e+01 7.985286758164875098e-02
-3.239999999999999147e+01 8.851103511871770413e-02
-3.229999999999999005e+01 8.800351552083157669e-02
-3.219999999999998863e+01 1.377936936041805893e-01
-3.209999999999998721e+01 9.743804674595595017e-02
-3.199999999999998579e+01 3.262718684061837598e-02
-3.189999999999998437e+01 1.020898614627185376e-02
-3.179999999999998295e+01 1.935567644172806476e-03
-3.169999999999998153e+01 6.080171132325631021e-03
-3.159999999999998010e+01 1.217121919194852353e-02
-3.149999999999997868e+01 2.314632501821064364e-02
-3.139999999999997726e+01 2.541883014211180139e-02
-3.129999999999997584e+01 8.779802552380715566e-03
-3.119999999999997442e+01 3.545832218514988177e-04
-3.109999999999997300e+01 2.973731151359970638e-04
-3.099999999999997158e+01 7.799420516221289290e-04
-3.089999999999997016e+01 2.207772377259722366e-03
-3.079999999999996874e+01 2.508391184633182881e-03
-3.069999999999996732e+01 1.061070185313610706e-03
-3.059999999999996589e+01 1.299158861611431418e-03
-3.049999999999996447e+01 2.815227457663240646e-03
-3.039999999999996305e+01 2.812487770065672486e-03
-3.029999999999996163e+01 6.374345485142072359e-03
-3.019999999999996021e+01 1.331604523914833686e-02
-3.009999999999995879e+01 1.993156555498671809e-02
-2.999999999999995737e+01 1.004814332626011684e-02
-2.989999999999995595e+01 6.047989811204388527e-03
-2.979999999999995453e+01 3.098207173970877158e-03
-2.969999999999995310e+01 2.023316404205800778e-02
-2.959999999999995168e+01 4.379763527078012197e-02
-2.949999999999995026e+01 6.291023921621671788e-02
-2.939999999999994884e+01 9.442382006767729985e-02
-2.929999999999994742e+01 5.838949413030221358e-02
-2.919999999999994600e+01 3.960758787386112201e-02
-2.909999999999994458e+01 5.593086231565393834e-02
-2.899999999999994316e+01 1.165190706677549370e-01
-2.889999999999994174e+01 1.787588098774813283e-01
-2.879999999999994031e+01 2.677238430266515867e-01
-2.869999999999993889e+01 3.463596237527599708e-01
-2.859999999999993747e+01 3.317355395553749919e-01
-2.849999999999993605e+01 2.821260578202600122e-01
-2.839999999999993463e+01 6.091465298480761570e-01
-2.829999999999993321e+01 9.230577603580605306e-01
-2.819999999999993179e+01 1.215082396268844622e+00
-2.809999999999993037e+01 1.488369966484606177e+00
-2.799999999999992895e+01 2.719141149334609597e+00
-2.789999999999992752e+01 4.053333569318056107e+00
-2.779999999999992610e+01 6.854694930464029667e+00
-2.769999999999992468e+01 8.811647134721278363e+00
-2.759999999999992326e+01 1.135318824529647763e+01
-2.749999999999992184e+01 1.215555895119905472e+01
-2.739999999999992042e+01 1.069909366518259120e+01
-2.729999999999991900e+01 8.639843914508819722e+00
-2.719999999999991758e+01 5.886218491569161770e+00
-2.709999999999991616e+01 2.952731801457703309e+00
-2.699999999999991473e+01 1.756403429154306695e+00
-2.689999999999991331e+01 4.003937502190819675e-01
-2.679999999999991189e+01 3.515261240163454204e-01
-2.669999999999991047e+01 4.746120690397219732e-01
-2.659999999999990905e+01 7.315118648670613233e-01
-2.649999999999990763e+01 1.617651026677340287e+00
-2.639999999999990621e+01 2.180211755391210371e+00
-2.629999999999990479e+01 3.730956202410161460e+00
-2.619999999999990337e+01 5.069777289927006159e+00
-2.609999999999990195e+01 5.826896158158779038e+00
-2.599999999999990052e+01 6.870800132602453481e+00
-2.589999999999989910e+01 8.080357873886823583e+00
-2.579999999999989768e+01 9.761957448720931296e+00
-2.569999999999989626e+01 1.148408307462930722e+01
-2.559999999999989484e+01 1.401804217189550350e+01
-2.549999999999989342e+01 1.461535397320985830e+01
-2.539999999999989200e+01 1.215274668306112282e+01
-2.529999999999989058e+01 9.792446372807026123e+00
-2.519999999999988916e+01 7.433883901089429536e+00
-2.509999999999988773e+01 4.441622572019696236e+00
-2.499999999999988631e+01 2.549902968183159757e+00
-2.489999999999988489e+01 1.063397382404655200e+00
-2.479999999999988347e+01 3.378478932852158056e-01
-2.469999999999988205e+01 3.304720578651176854e-01
-2.459999999999988063e+01 1.802650137184537149e-01
-2.449999999999987921e+01 1.348271015284990548e-01
-2.439999999999987779e+01 1.947590479329665003e-01
-2.429999999999987637e+01 1.156343595734597302e-01
-2.419999999999987494e+01 2.556917767822121032e-02
-2.409999999999987352e+01 1.208750168661253989e-02
-2.399999999999987210e+01 4.162723752940451077e-02
-2.389999999999987068e+01 7.850436573142814678e-02
-2.379999999999986926e+01 4.755195724364511684e-02
-2.369999999999986784e+01 2.342949716382463493e-02
-2.359999999999986642e+01 1.775779911716483805e-02
-2.349999999999986500e+01 1.863122815900624188e-02
-2.339999999999986358e+01 1.852211362040549064e-02
-2.329999999999986215e+01 4.540804466889312302e-02
-2.319999999999986073e+01 6.343044854718754566e-02
-2.309999999999985931e+01 3.678101232291283024e-02
-2.299999999999985789e+01 1.662978388898409335e-02
-2.289999999999985647e+01 2.171732823941056184e-02
-2.279999999999985505e+01 2.896785852967696112e-02
-2.269999999999985363e+01 3.506267287111768105e-02
-2.259999999999985221e+01 5.075625059100275643e-02
-2.249999999999985079e+01 4.883970548044544446e-02
-2.239999999999984936e+01 2.296593296176979368e-02
-2.229999999999984794e+01 1.694415390498079516e-02
-2.219999999999984652e+01 2.176479837849456048e-02
-2.209999999999984510e+01 2.088951220159288025e-02
-2.199999999999984368e+01 2.158389998799975854e-02
-2.189999999999984226e+01 4.110160343150198736e-02
-2.179999999999984084e+01 6.438264418249672882e-02
-2.169999999999983942e+01 3.969328113948904224e-02
-2.159999999999983800e+01 3.015540671782218976e-02
-2.149999999999983658e+01 7.177325599112009680e-02
-2.139999999999983515e+01 1.128958493148820713e-01
-2.129999999999983373e+01 1.624089223190411380e-01
-2.119999999999983231e+01 3.110117254100623341e-01
-2.109999999999983089e+01 4.477743572642793879e-01
-2.099999999999982947e+01 1.088278767773881661e+00
-2.089999999999982805e+01 2.265383898094296633e+00
-2.079999999999982663e+01 3.511454540826380200e+00
-2.069999999999982521e+01 4.938377794325351289e+00
-2.059999999999982379e+01 5.979338768944144178e+00
-2.049999999999982236e+01 6.261346116214991042e+00
-2.039999999999982094e+01 5.814236469119787643e+00
-2.029999999999981952e+01 4.909079627692699788e+00
-2.019999999999981810e+01 3.375525153540074985e+00
-2.009999999999981668e+01 1.877205035109072995e+00
-1.999999999999981526e+01 8.801774975750595864e-01
-1.989999999999981384e+01 6.969251838722265724e-01
-1.979999999999981242e+01 8.287041263654828516e-01
-1.969999999999981100e+01 1.485487144365906786e+00
-1.959999999999980957e+01 3.435182109400630068e+00
-1.949999999999980815e+01 4.953983013853430428e+00
-1.939999999999980673e+01 5.863235007524490783e+00
-1.929999999999980531e+01 6.109943307936191559e+00
-1.919999999999980389e+01 5.591892300993204223e+00
-1.909999999999980247e+01 4.504929507896304308e+00
-1.899999999999980105e+01 4.727025312557816328e+00
-1.889999999999979963e+01 5.032373469248414111e+00
-1.879999999999979821e+01 5.307433470636606643e+00
-1.869999999999979678e+01 5.520684568062424802e+00
-1.859999999999979536e+01 6.555646071135997843e+00
-1.849999999999979394e+01 5.894208035543560875e+00
-1.839999999999979252e+01 4.429886010289192377e+00
-1.829999999999979110e+01 2.929050660431384845e+00
-1.819999999999978968e+01 1.654646002426743534e+00
-1.809999999999978826e+01 9.051479890989139188e-01
-1.799999999999978684e+01 7.904676825320348099e-01
-1.789999999999978542e+01 6.504606173862703677e-01
-1.779999999999978400e+01 8.087831874284893141e-01
-1.769999999999978257e+01 2.192798454202711689e+00
-1.759999999999978115e+01 3.686817262917756910e+00
-1.749999999999977973e+01 5.326298963055014823e+00
-1.739999999999977831e+01 6.317503374367952063e+00
-1.729999999999977689e+01 6.612427642494440150e+00
-1.719999999999977547e+01 6.262769692018627765e+00
-1.709999999999977405e+01 5.119406468197703397e+00
-1.699999999999977263e+01 3.426798426881432658e+00
-1.689999999999977121e+01 2.884560471363365686e+00
-1.679999999999976978e+01 2.973953260928392517e+00
-1.669999999999976836e+01 3.802289270758628881e+00
-1.659999999999976694e+01 4.896561374664306854e+00
-1.649999999999976552e+01 5.928145097121596763e+00
-1.639999999999976410e+01 6.548204959034920059e+00
-1.629999999999976268e+01 6.090208598524331940e+00
-1.619999999999976126e+01 4.817698688507079829e+00
-1.609999999999975984e+01 3.530774288848042453e+00
-1.599999999999975842e+01 2.635522070154547869e+00
-1.589999999999975699e+01 2.076494320966303153e+00
-1.579999999999975557e+01 2.247698723450302971e+00
-1.569999999999975415e+01 3.291390116587281423e+00
-1.559999999999975273e+01 3.797831762135028821e+00
-1.549999999999975131e+01 5.243538703918456889e+00
-1.539999999999974989e+01 6.384079465270042775e+00
-1.529999999999974847e+01 5.737890746295452260e+00
-1.519999999999974705e+01 4.512385451123118507e+00
-1.509999999999974563e+01 3.554139351844787686e+00
-1.499999999999974420e+01 2.363892720416188364e+00
-1.489999999999974278e+01 1.983100669141858896e+00
-1.479999999999974136e+01 2.143282077945768638e+00
-1.469999999999973994e+01 2.535144130401313145e+00
-1.459999999999973852e+01 3.580810325145721507e+00
-1.449999999999973710e+01 4.773611105233430685e+00
-1.439999999999973568e+01 5.935483270734548178e+00
-1.429999999999973426e+01 6.769396484047174312e+00
-1.419999999999973284e+01 6.542997706681489944e+00
-1.409999999999973141e+01 5.705277208313345838e+00
-1.399999999999972999e+01 5.635149652734399162e+00
-1.389999999999972857e+01 6.122907903417944553e+00
-1.379999999999972715e+01 6.545362907350063431e+00
-1.369999999999972573e+01 6.783120518624782491e+00
-1.359999999999972431e+01 6.874658629149198674e+00
-1.349999999999972289e+01 6.469346860051155446e+00
-1.339999999999972147e+01 5.775103614851832212e+00
-1.329999999999972005e+01 6.411372623592614950e+00
-1.319999999999971863e+01 7.785125498771667374e+00
-1.309999999999971720e+01 1.056836641654372144e+01
-1.299999999999971578e+01 1.283879710137844121e+01
-1.289999999999971436e+01 1.293104251325130427e+01
-1.279999999999971294e+01 1.190978869467973666e+01
-1.269999999999971152e+01 1.053596066594123926e+01
-1.259999999999971010e+01 9.486221944689750885e+00
-1.249999999999970868e+01 9.463515816479921128e+00
-1.239999999999970726e+01 1.023226942166686015e+01
-1.229999999999970584e+01 1.165425229072570801e+01
-1.219999999999970441e+01 1.268072830855846433e+01
-1.209999999999970299e+01 1.367152399003505714e+01
-1.199999999999970157e+01 1.444554255664348652e+01
-1.189999999999970015e+01 1.477038417160511052e+01
-1.179999999999969873e+01 1.588570378214120815e+01
-1.169999999999969731e+01 1.738378327727317796e+01
-1.159999999999969589e+01 1.842514545589685326e+01
-1.149999999999969447e+01 1.825857457965612340e+01
-1.139999999999969305e+01 1.792889330923557267e+01
-1.129999999999969162e+01 1.672565885424613796e+01
-1.119999999999969020e+01 1.525010485082864697e+01
-1.109999999999968878e+01 1.373443608164787300e+01
-1.099999999999968736e+01 1.267251625359058309e+01
-1.089999999999968594e+01 1.205693735718727133e+01
-1.079999999999968452e+01 1.295528477668762157e+01
-1.069999999999968310e+01 1.374190567612648017e+01
-1.059999999999968168e+01 1.459410117954015718e+01
-1.049999999999968026e+01 1.519749496638774922e+01
-1.039999999999967883e+01 1.585063695818185892e+01
-1.029999999999967741e+01 1.608424874603748478e+01
-1.019999999999967599e+01 1.667829216420650340e+01
-1.009999999999967457e+01 1.659211167931556830e+01
-9.999999999999673150e+00 1.705461745738983126e+01
-9.899999999999671729e+00 1.684809694260358981e+01
-9.799999999999670308e+00 1.657336534589529009e+01
-9.699999999999668887e+00 1.583343752771616053e+01
-9.599999999999667466e+00 1.503162796765565901e+01
-9.499999999999666045e+00 1.431470044672489195e+01
-9.399999999999664624e+00 1.388098042815923705e+01
-9.299999999999663203e+00 1.390356417477130968e+01
-9.199999999999661782e+00 1.370552750498056405e+01
-9.099999999999660361e+00 1.442307896971702519e+01
-8.999999999999658939e+00 1.485886201441288001e+01
-8.899999999999657518e+00 1.484387776970863371e+01
-8.799999999999656097e+00 1.433492630898952491e+01
-8.699999999999654676e+00 1.367052786767482786e+01
-8.599999999999653255e+00 1.208798636853694930e+01
-8.499999999999651834e+00 1.109363310247659662e+01
-8.399999999999650413e+00 1.072486942842602708e+01
-8.299999999999648992e+00 1.088805570393800792e+01
-8.199999999999647571e+00 1.160145394623279635e+01
-8.099999999999646150e+00 1.197100890219211600e+01
-7.999999999999644729e+00 1.163739400923252099e+01
-7.899999999999643308e+00 1.131747611299157086e+01
-7.799999999999641886e+00 1.070724761962890703e+01
-7.699999999999640465e+00 1.075707673415541699e+01
-7.599999999999639044e+00 1.170112743645906406e+01
-7.499999999999637623e+00 1.355052703499793942e+01
-7.399999999999636202e+00 1.534092877924442355e+01
-7.299999999999634781e+00 1.670748674452304883e+01
-7.199999999999633360e+00 1.636399837970733628e+01
-7.099999999999631939e+00 1.488093497484922345e+01
-6.999999999999630518e+00 1.251540211111307066e+01
-6.899999999999629097e+00 9.948049190491438765e+00
-6.799999999999627676e+00 8.135813763141632293e+00
-6.699999999999626255e+00 7.496490421891212286e+00
-6.599999999999624833e+00 7.768272416442632888e+00
-6.499999999999623412e+00 7.690315448939800014e+00
-6.399999999999621991e+00 7.546517738699913380e+00
-6.299999999999620570e+00 7.415222998261452148e+00
-6.199999999999619149e+00 7.445401372909546289e+00
-6.099999999999617728e+00 6.882999356538057611e+00
-5.999999999999616307e+00 6.542797221839427912e+00
-5.899999999999614886e+00 5.788480419144033995e+00
-5.799999999999613465e+00 4.254725070074200310e+00
-5.699999999999612044e+00 2.364990000426769434e+00
-5.599999999999610623e+00 1.377215929944068273e+00
-5.499999999999609201e+00 2.979677111845376314e-01
-5.399999999999607780e+00 1.514733192666608275e-01
-5.299999999999606359e+00 1.887993316840720637e-02
-5.199999999999604938e+00 1.289281092899727775e-02
-5.099999999999603517e+00 1.436281770994188647e-02
-4.999999999999602096e+00 2.392332924626316623e-02
-4.899999999999600675e+00 1.964898985850595595e-02
-4.799999999999599254e+00 6.131224497084986243e-03
-4.699999999999597833e+00 4.244083304511150727e-03
-4.599999999999596412e+00 8.826746647803246706e-03
-4.499999999999594991e+00 9.829305056737212137e-03
-4.399999999999593570e+00 9.145399049970626831e-03
-4.299999999999592148e+00 1.479105667835028774e-02
-4.199999999999590727e+00 8.942321314561922987e-03
-4.099999999999589306e+00 9.242244048252815092e-03
-3.999999999999587885e+00 2.210980632724385969e-02
-3.899999999999586464e+00 2.681408254068173846e-02
-3.799999999999585043e+00 2.158408975405713345e-02
-3.699999999999583622e+00 1.072921700946857099e-02
-3.599999999999582201e+00 2.952196619648020728e-02
-3.499999999999580780e+00 6.845758348470554200e-02
-3.399999999999579359e+00 4.424564723885850842e-02
-3.299999999999577938e+00 2.759805641913772034e-02
-3.199999999999576517e+00 3.900795585316700620e-02
-3.099999999999575095e+00 7.350356538117011618e-02
-2.999999999999573674e+00 1.269856805859217175e-01
-2.899999999999572253e+00 9.561877713436388315e-02
-2.799999999999570832e+00 1.513707968681592408e-01
-2.699999999999569411e+00 2.584656938722219022e-01
-2.599999999999567990e+00 3.571752817142987424e-01
-2.499999999999566569e+00 5.522428933702758780e-01
-2.399999999999565148e+00 7.094082603364949557e-01
-2.299999999999563727e+00 1.400268692988902330e+00
-2.199999999999562306e+00 2.948962822332978462e+00
-2.099999999999560885e+00 5.117957084029913339e+00
-1.999999999999559464e+00 6.030491252690553416e+00
-1.899999999999558042e+00 6.213069288507103494e+00
-1.799999999999556621e+00 6.958604416251182201e+00
-1.699999999999555200e+00 8.179088512510061193e+00
-1.599999999999553779e+00 8.107569113671779348e+00
-1.499999999999552358e+00 9.197718545049429650e+00
-1.399999999999550937e+00 9.507524690032004955e+00
-1.299999999999549516e+00 9.799863352626562829e+00
-1.199999999999548095e+00 9.300169359296560856e+00
-1.099999999999546674e+00 8.732866328507661535e+00
-9.999999999995452526e-01 8.058597684800623995e+00
-8.999999999995438316e-01 8.162564427554606539e+00
-7.999999999995424105e-01 8.099696873426436738e+00
-6.999999999995409894e-01 9.184612279236317178e+00
-5.999999999995395683e-01 1.114013494491577205e+01
-4.999999999995381472e-01 1.285363729119300835e+01
-3.999999999995367261e-01 1.405799365192651784e+01
-2.999999999995353051e-01 1.479820728629827542e+01
-1.999999999995338840e-01 1.631982015013694820e+01
-9.999999999953246288e-02 1.672352809011936259e+01
4.689582056016661227e-13 1.732658565700054254e+01
1.000000000004703793e-01 1.799546767443418460e+01
2.000000000004718004e-01 1.984652868986129803e+01
3.000000000004732215e-01 2.127731350123882237e+01
4.000000000004746425e-01 2.325182315051555548e+01
5.000000000004760636e-01 2.485558665633201514e+01
6.000000000004774847e-01 2.555960535287857027e+01
7.000000000004789058e-01 2.612720876634120870e+01
8.000000000004803269e-01 2.676989260911941670e+01
9.000000000004817480e-01 2.705545011162757874e+01
1.000000000000483169e+00 2.639828705430030809e+01
