-3.300000000000000000e+01 1.401096476416569259e-01
-3.289999999999999858e+01 8.892035943710539792e-03
-3.279999999999999716e+01 3.306897635373388933e-02
-3.269999999999999574e+01 5.942902029244578194e-02
-3.259999999999999432e+01 5.709937886051193179e-02
-3.249999999999999289e+01 3.210014360040076842e-02
-3.239999999999999147e+01 3.502299122150361738e-02
-3.229999999999999005e+01 3.377600872005132038e-02
-3.219999999999998863e+01 1.921658456393742984e-02
-3.209999999999998721e+01 8.655577252407056429e-03
-3.199999999999998579e+01 3.351033486089363689e-02
-3.189999999999998437e+01 1.108703180462907723e-01
-3.179999999999998295e+01 1.407050773431547108e-01
-3.169999999999998153e+01 1.005526684434153162e-01
-3.159999999999998010e+01 7.789104040886740687e-02
-3.149999999999997868e+01 1.084618379264429694e-01
-3.139999999999997726e+01 1.761800753312127155e-01
-3.129999999999997584e+01 1.093400138425022344e-01
-3.119999999999997442e+01 5.110291512872208730e-02
-3.109999999999997300e+01 3.794804682841288607e-02
-3.099999999999997158e+01 3.220983006940514315e-02
-3.089999999999997016e+01 5.878359026362886541e-02
-3.079999999999996874e+01 4.751347533354419173e-02
-3.069999999999996732e+01 4.592928072717040733e-01
-3.059999999999996589e+01 1.233099580816924501e+00
-3.049999999999996447e+01 9.062860641628504021e-01
-3.039999999999996305e+01 2.870029424061067425e-01
-3.029999999999996163e+01 6.818552766264474041e-02
-3.019999999999996021e+01 1.228564402030315195e-01
-3.009999999999995879e+01 1.761488135058607574e-01
-2.999999999999995737e+01 7.281318375842601998e-02
-2.989999999999995595e+01 4.428808908978680570e-02
-2.979999999999995453e+01 3.329128551896616550e-02
-2.969999999999995310e+01 2.989565585899981587e-02
-2.959999999999995168e+01 3.709743016544961997e-02
-2.949999999999995026e+01 5.335315918204287106e-02
-2.939999999999994884e+01 5.155646755524628810e-02
-2.929999999999994742e+01 6.082256476420298125e-02
-2.919999999999994600e+01 4.198238374534412481e-02
-2.909999999999994458e+01 4.881480677890067538e-02
-2.899999999999994316e+01 5.852056877345603730e-02
-2.889999999999994174e+01 3.305827671822043901e-02
-2.879999999999994031e+01 1.069889765841799123e-01
-2.869999999999993889e+01 2.474883517634589303e-01
-2.859999999999993747e+01 2.173741737616364800e-01
-2.849999999999993605e+01 1.146182666043205206e-01
-2.839999999999993463e+01 1.207700380435562659e-01
-2.829999999999993321e+01 7.974659807137868262e-02
-2.819999999999993179e+01 3.311455440673853612e-02
-2.809999999999993037e+01 3.070559221829171140e-02
-2.799999999999992895e+01 2.880510251932719146e-02
-2.789999999999992752e+01 4.205445020158094654e-02
-2.779999999999992610e+01 2.833561533446300046e-02
-2.769999999999992468e+01 2.177241109558963189e-02
-2.759999999999992326e+01 3.281334878076450079e-02
-2.749999999999992184e+01 2.430988527737866847e-02
-2.739999999999992042e+01 1.211005219001890475e-02
-2.729999999999991900e+01 8.344293909201951076e-02
-2.719999999999991758e+01 1.771153345478523877e-01
-2.709999999999991616e+01 9.553532376277872051e-02
-2.699999999999991473e+01 3.824557490914230751e-02
-2.689999999999991331e+01 8.498128974439168870e-02
-2.679999999999991189e+01 1.133116990122653017e-01
-2.669999999999991047e+01 1.092882329861458862e-01
-2.659999999999990905e+01 6.951706139463931233e-01
-2.649999999999990763e+01 1.406599632827565172e+00
-2.639999999999990621e+01 1.932273071436211520e+00
-2.629999999999990479e+01 2.419865653328597599e+00
-2.619999999999990337e+01 1.856720828190445927e+00
-2.609999999999990195e+01 1.185397542193531883e+00
-2.599999999999990052e+01 7.183484069537371397e-01
-2.589999999999989910e+01 2.098967322331736773e-01
-2.579999999999989768e+01 1.409387822244025368e-01
-2.569999999999989626e+01 1.448664524236437379e-01
-2.559999999999989484e+01 1.494216387168853521e-01
-2.549999999999989342e+01 1.642496994802786492e-01
-2.539999999999989200e+01 1.681128613027976781e-01
-2.529999999999989058e+01 3.005008530254417720e-01
-2.519999999999988916e+01 5.151681001759425005e-01
-2.509999999999988773e+01 5.350555076822638423e-01
-2.499999999999988631e+01 5.731743431245558407e-01
-2.489999999999988489e+01 7.834508221644136405e-01
-2.479999999999988347e+01 9.254571874535758580e-01
-2.469999999999988205e+01 1.028095767420018181e+00
-2.459999999999988063e+01 1.322618954498320898e+00
-2.449999999999987921e+01 1.230804481292143482e+00
-2.439999999999987779e+01 1.287157338173128718e+00
-2.429999999999987637e+01 1.507149108937010151e+00
-2.419999999999987494e+01 1.591659171395003902e+00
-2.409999999999987352e+01 1.748252970296889641e+00
-2.399999999999987210e+01 1.677378075737506080e+00
-2.389999999999987068e+01 1.123854387709871006e+00
-2.379999999999986926e+01 8.036613070964813144e-01
-2.369999999999986784e+01 8.538894772983621761e-01
-2.359999999999986642e+01 1.189514904578682142e+00
-2.349999999999986500e+01 1.808994244835339549e+00
-2.339999999999986358e+01 4.650731121301650894e+00
-2.329999999999986215e+01 7.656058247089386093e+00
-2.319999999999986073e+01 9.648614032566547039e+00
-2.309999999999985931e+01 1.086155033648014090e+01
-2.299999999999985789e+01 9.800268486142158508e+00
-2.289999999999985647e+01 6.887281309366226623e+00
-2.279999999999985505e+01 3.686621996089816111e+00
-2.269999999999985363e+01 9.430911467969417261e-01
-2.259999999999985221e+01 5.188306329841725351e-01
-2.249999999999985079e+01 3.498659978821524463e-01
-2.239999999999984936e+01 2.628793813197989881e-01
-2.229999999999984794e+01 1.956566594677860982e-01
-2.219999999999984652e+01 3.893019539793021733e-01
-2.209999999999984510e+01 6.745297158428001927e-01
-2.199999999999984368e+01 9.514730717334896060e-01
-2.189999999999984226e+01 1.294965983442962099e+00
-2.179999999999984084e+01 1.367126281782984787e+00
-2.169999999999983942e+01 1.516216189153492433e+00
-2.159999999999983800e+01 2.262607954293489598e+00
-2.149999999999983658e+01 3.071729736402630806e+00
-2.139999999999983515e+01 3.451758157908916491e+00
-2.129999999999983373e+01 4.059424073547124756e+00
-2.119999999999983231e+01 4.100989595204591609e+00
-2.109999999999983089e+01 3.836401788294315551e+00
-2.099999999999982947e+01 3.945010973215103078e+00
-2.089999999999982805e+01 5.919180189669131842e+00
-2.079999999999982663e+01 7.779925417006015920e+00
-2.069999999999982521e+01 9.504400222301482515e+00
-2.059999999999982379e+01 1.124527853906154640e+01
-2.049999999999982236e+01 1.107944705784320760e+01
-2.039999999999982094e+01 7.915941971540450872e+00
-2.029999999999981952e+01 5.421384805738926005e+00
-2.019999999999981810e+01 4.240988213419914388e+00
-2.009999999999981668e+01 4.048959591835736838e+00
-1.999999999999981526e+01 3.877564907521009463e+00
-1.989999999999981384e+01 4.077888388186693192e+00
-1.979999999999981242e+01 4.320263350009918568e+00
-1.969999999999981100e+01 4.778967116773128687e+00
-1.959999999999980957e+01 5.495307900309562399e+00
-1.949999999999980815e+01 6.777694490849971665e+00
-1.939999999999980673e+01 8.082304913997649720e+00
-1.929999999999980531e+01 9.550962830185889985e+00
-1.919999999999980389e+01 1.156474479615688367e+01
-1.909999999999980247e+01 1.214339724838733758e+01
-1.899999999999980105e+01 1.164763684153556866e+01
-1.889999999999979963e+01 1.240284570276737242e+01
-1.879999999999979821e+01 1.334562478423118570e+01
-1.869999999999979678e+01 1.295358435213565862e+01
-1.859999999999979536e+01 1.451283211767673542e+01
-1.849999999999979394e+01 1.547375962257385318e+01
-1.839999999999979252e+01 1.502042174458503787e+01
-1.829999999999979110e+01 1.425088569164276109e+01
-1.819999999999978968e+01 1.187916110992431662e+01
-1.809999999999978826e+01 1.110940395832061789e+01
-1.799999999999978684e+01 1.202390165090560892e+01
-1.789999999999978542e+01 1.415230720221996386e+01
-1.779999999999978400e+01 1.546938540399074569e+01
-1.769999999999978257e+01 1.603645343780517507e+01
-1.759999999999978115e+01 1.525647590100765250e+01
-1.749999999999977973e+01 1.502070181787014036e+01
-1.739999999999977831e+01 1.509537281155586186e+01
-1.729999999999977689e+01 1.620965191185474552e+01
-1.719999999999977547e+01 1.560349291563034058e+01
-1.709999999999977405e+01 1.456021748781204295e+01
-1.699999999999977263e+01 1.246241016566753324e+01
-1.689999999999977121e+01 9.295597091913222698e+00
-1.679999999999976978e+01 7.286291184425354395e+00
-1.669999999999976836e+01 6.405544953346252512e+00
-1.659999999999976694e+01 5.915312512814998591e+00
-1.649999999999976552e+01 5.810331518650055038e+00
-1.639999999999976410e+01 7.327496202290058491e+00
-1.629999999999976268e+01 8.650203745365143249e+00
-1.619999999999976126e+01 1.106155755400657625e+01
-1.609999999999975984e+01 1.273982572615146580e+01
-1.599999999999975842e+01 1.408243026196956649e+01
-1.589999999999975699e+01 1.433396866261958991e+01
-1.579999999999975557e+01 1.449629874348640435e+01
-1.569999999999975415e+01 1.357828867852687793e+01
-1.559999999999975273e+01 1.128746392190456405e+01
-1.549999999999975131e+01 8.449266672134399414e+00
-1.539999999999974989e+01 6.801214998066424933e+00
-1.529999999999974847e+01 5.839104796648025619e+00
-1.519999999999974705e+01 6.781096980273723318e+00
-1.509999999999974563e+01 7.180791835784912536e+00
-1.499999999999974420e+01 7.431366205513477041e+00
-1.489999999999974278e+01 7.460841259062290121e+00
-1.479999999999974136e+01 7.195168506205082082e+00
-1.469999999999973994e+01 6.786398493647575414e+00
-1.459999999999973852e+01 7.674557651281356918e+00
-1.449999999999973710e+01 9.598133757710456848e+00
-1.439999999999973568e+01 1.159926181972026882e+01
-1.429999999999973426e+01 1.420744284212589292e+01
-1.419999999999973284e+01 1.615409373283386074e+01
-1.409999999999973141e+01 1.746857328534126452e+01
-1.399999999999972999e+01 1.818643955588340688e+01
-1.389999999999972857e+01 1.697370977163314976e+01
-1.379999999999972715e+01 1.352255607843398977e+01
-1.369999999999972573e+01 1.030397838711738601e+01
-1.359999999999972431e+01 7.458433628380298330e+00
-1.349999999999972289e+01 6.913748537003994166e+00
-1.339999999999972147e+01 7.331926853954792378e+00
-1.329999999999972005e+01 9.165882104933261942e+00
-1.319999999999971863e+01 1.056489678263664267e+01
-1.309999999999971720e+01 1.243145419895648907e+01
-1.299999999999971578e+01 1.515911966085433882e+01
-1.289999999999971436e+01 1.594160042285919232e+01
-1.279999999999971294e+01 1.508894531369209346e+01
-1.269999999999971152e+01 1.647295891523361178e+01
-1.259999999999971010e+01 1.767505852937698307e+01
-1.249999999999970868e+01 1.520546684980392449e+01
-1.239999999999970726e+01 1.301485674679279292e+01
-1.229999999999970584e+01 1.310258947670459762e+01
-1.219999999999970441e+01 1.510596114695072245e+01
-1.209999999999970299e+01 1.719687828660011419e+01
-1.199999999999970157e+01 1.901489326477050668e+01
-1.189999999999970015e+01 2.054660805583000283e+01
-1.179999999999969873e+01 1.980519163966178908e+01
-1.169999999999969731e+01 1.880098290562629870e+01
-1.159999999999969589e+01 1.932848446846008272e+01
-1.149999999999969447e+01 1.927183203935623013e+01
-1.139999999999969305e+01 2.101705530047416559e+01
-1.129999999999969162e+01 2.381932956576347493e+01
-1.119999999999969020e+01 2.360857539892196755e+01
-1.109999999999968878e+01 2.347824661016464276e+01
-1.099999999999968736e+01 2.468149952650070134e+01
-1.089999999999968594e+01 2.419895835399627515e+01
-1.079999999999968452e+01 2.333976470947265724e+01
-1.069999999999968310e+01 2.455099600672721749e+01
-1.059999999999968168e+01 2.474273823022842578e+01
-1.049999999999968026e+01 2.408719889283180393e+01
-1.039999999999967883e+01 2.476765188217163072e+01
-1.029999999999967741e+01 2.506380516290664673e+01
-1.019999999999967599e+01 2.365413052558898954e+01
-1.009999999999967457e+01 2.402010938882827773e+01
-9.999999999999673150e+00 2.470715966343879799e+01
-9.899999999999671729e+00 2.521428569912910334e+01
-9.799999999999670308e+00 2.766611762523650953e+01
-9.699999999999668887e+00 3.090864456176757713e+01
-9.599999999999667466e+00 3.194788442373275927e+01
-9.499999999999666045e+00 3.183244764566421381e+01
-9.399999999999664624e+00 3.141273209095001206e+01
-9.299999999999663203e+00 2.889765917539596529e+01
-9.199999999999661782e+00 2.626262220501899591e+01
-9.099999999999660361e+00 2.557341670274734469e+01
-8.999999999999658939e+00 2.774747471094131512e+01
-8.899999999999657518e+00 2.983901613235473604e+01
-8.799999999999656097e+00 2.963404981613159350e+01
-8.699999999999654676e+00 2.838123064637184001e+01
-8.599999999999653255e+00 2.479504939556121812e+01
-8.499999999999651834e+00 2.007928312659263526e+01
-8.399999999999650413e+00 1.746692039966583110e+01
-8.299999999999648992e+00 1.645783957600593439e+01
-8.199999999999647571e+00 1.530325487315654698e+01
-8.099999999999646150e+00 1.590954538643360117e+01
-7.999999999999644729e+00 1.697781338572502108e+01
-7.899999999999643308e+00 1.930791579961776705e+01
-7.799999999999641886e+00 2.126781160354614286e+01
-7.699999999999640465e+00 2.509709228157997174e+01
-7.599999999999639044e+00 2.735153965234756512e+01
-7.499999999999637623e+00 2.587013276457786404e+01
-7.399999999999636202e+00 2.274906037330627484e+01
-7.299999999999634781e+00 2.040637862801551705e+01
-7.199999999999633360e+00 1.730038571715354934e+01
-7.099999999999631939e+00 1.532941409766674035e+01
-6.999999999999630518e+00 1.284069398999214151e+01
-6.899999999999629097e+00 1.178381977021694205e+01
-6.799999999999627676e+00 1.117152708768844604e+01
-6.699999999999626255e+00 1.284138090372085550e+01
-6.599999999999624833e+00 1.492502924859523716e+01
-6.499999999999623412e+00 1.746416178822517296e+01
-6.399999999999621991e+00 1.851025059461593614e+01
-6.299999999999620570e+00 1.785518917560577279e+01
-6.199999999999619149e+00 1.624804453909397139e+01
-6.099999999999617728e+00 1.536880527198314716e+01
-5.999999999999616307e+00 1.390451650679111495e+01
-5.899999999999614886e+00 1.244388804256916004e+01
-5.799999999999613465e+00 9.517101865410804606e+00
-5.699999999999612044e+00 7.681397669315337851e+00
-5.599999999999610623e+00 5.890578407645225667e+00
-5.499999999999609201e+00 5.082714653015136363e+00
-5.399999999999607780e+00 4.592257012873887767e+00
-5.299999999999606359e+00 3.863985554873943240e+00
-5.199999999999604938e+00 4.243974089473486089e+00
-5.099999999999603517e+00 4.594510519951581884e+00
-4.999999999999602096e+00 6.461032767295836976e+00
-4.899999999999600675e+00 8.699058572351932028e+00
-4.799999999999599254e+00 9.652054323554038362e+00
-4.699999999999597833e+00 8.749489511847496459e+00
-4.599999999999596412e+00 9.448657982945441347e+00
-4.499999999999594991e+00 9.963266016244888945e+00
-4.399999999999593570e+00 6.777812327742577025e+00
-4.299999999999592148e+00 3.522703524082899218e+00
-4.199999999999590727e+00 3.768090834096073927e+00
-4.099999999999589306e+00 2.548289152421057135e+00
-3.999999999999587885e+00 1.284135035146027892e+00
-3.899999999999586464e+00 8.002072607632726431e-01
-3.799999999999585043e+00 6.176533647254109916e-01
-3.699999999999583622e+00 3.346593159949406981e-01
-3.599999999999582201e+00 2.759617164032533987e-01
-3.499999999999580780e+00 2.684708009380847304e-01
-3.399999999999579359e+00 2.098516809009015605e-01
-3.299999999999577938e+00 1.407119648833759229e-01
-3.199999999999576517e+00 8.163248466216856125e-02
-3.099999999999575095e+00 5.620831775904662486e-02
-2.999999999999573674e+00 1.473913767032597744e-01
-2.899999999999572253e+00 3.046322570791380469e-01
-2.799999999999570832e+00 2.380878195905825057e-01
-2.699999999999569411e+00 4.888032005378045164e-01
-2.599999999999567990e+00 9.647992037306539759e-01
-2.499999999999566569e+00 6.440423855232074724e-01
-2.399999999999565148e+00 5.851763859257335110e-01
-2.299999999999563727e+00 8.281856542389141040e-01
-2.199999999999562306e+00 1.057445665141567570e+00
-2.099999999999560885e+00 1.387245530635118573e+00
-1.999999999999559464e+00 1.242701765447854934e+00
-1.899999999999558042e+00 2.088603302910923887e+00
-1.799999999999556621e+00 3.373437157273292630e+00
-1.699999999999555200e+00 3.346546954661607565e+00
-1.599999999999553779e+00 4.129548054784536681e+00
-1.499999999999552358e+00 4.945962730795145035e+00
-1.399999999999550937e+00 5.507831155061722050e+00
-1.299999999999549516e+00 6.494512899816036189e+00
-1.199999999999548095e+00 7.779250130057334900e+00
-1.099999999999546674e+00 8.230137287378310518e+00
-9.999999999995452526e-01 9.499644989371299530e+00
-8.999999999995438316e-01 1.080546353995799969e+01
-7.999999999995424105e-01 1.249263678729534099e+01
-6.999999999995409894e-01 1.408302021741867094e+01
-5.999999999995395683e-01 1.576386558294296236e+01
-4.999999999995381472e-01 1.785710982203483610e+01
-3.999999999995367261e-01 1.960718767642974925e+01
-2.999999999995353051e-01 2.063049591302871733e+01
-1.999999999995338840e-01 2.298953144311904850e+01
-9.999999999953246288e-02 2.301825821399688721e+01
4.689582056016661227e-13 2.398208740830421348e+01
1.000000000004703793e-01 2.332369760751724286e+01
2.000000000004718004e-01 2.106247369527816815e+01
3.000000000004732215e-01 2.028203746438026300e+01
4.000000000004746425e-01 2.108998743772506756e+01
5.000000000004760636e-01 2.331311402201652427e+01
6.000000000004774847e-01 2.552520873308181848e+01
7.000000000004789058e-01 2.419826215744018683e+01
8.000000000004803269e-01 2.284749487042427063e+01
9.000000000004817480e-01 2.306641273379325696e+01
1.000000000000483169e+00 2.400468168616295017e+01
