-3.300000000000000000e+01 3.900163618847727470e-02
-3.289999999999999858e+01 1.023118741344660465e-01
-3.279999999999999716e+01 1.086070568300783606e-01
-3.269999999999999574e+01 4.469972784281708161e-02
-3.259999999999999432e+01 2.250778752844780767e-02
-3.249999999999999289e+01 6.466086606495081990e-02
-3.239999999999999147e+01 7.030306011438369751e-02
-3.229999999999999005e+01 4.048116163510712823e-02
-3.219999999999998863e+01 4.193965911545092379e-02
-3.209999999999998721e+01 6.715391782461666015e-02
-3.199999999999998579e+01 1.635641559213399931e-01
-3.189999999999998437e+01 3.142928634583950220e-01
-3.179999999999998295e+01 1.273176381364464760e-01
-3.169999999999998153e+01 9.272952319151954101e-03
-3.159999999999998010e+01 1.974239409517394850e-02
-3.149999999999997868e+01 2.791495793499052663e-02
-3.139999999999997726e+01 1.906445860117673974e-01
-3.129999999999997584e+01 4.186545071005821073e-01
-3.119999999999997442e+01 2.742406130582094037e-01
-3.109999999999997300e+01 8.754401065409184168e-02
-3.099999999999997158e+01 2.262027416727505763e-02
-3.089999999999997016e+01 3.705149185891514017e-03
-3.079999999999996874e+01 5.954785013782384721e-03
-3.069999999999996732e+01 2.930648321053013275e-03
-3.059999999999996589e+01 1.907959695236058914e-03
-3.049999999999996447e+01 2.641879707516636613e-03
-3.039999999999996305e+01 5.142247948144813494e-03
-3.029999999999996163e+01 1.082492345357081824e-02
-3.019999999999996021e+01 1.248616729608329444e-02
-3.009999999999995879e+01 6.575504251923120630e-03
-2.999999999999995737e+01 5.319685056019807061e-03
-2.989999999999995595e+01 9.873118691612035175e-03
-2.979999999999995453e+01 5.512872396036982287e-02
-2.969999999999995310e+01 1.372530784457922093e-01
-2.959999999999995168e+01 1.116298842709511491e-01
-2.949999999999995026e+01 9.821162758860736697e-02
-2.939999999999994884e+01 1.163299936801195089e-01
-2.929999999999994742e+01 1.237364847399294310e-01
-2.919999999999994600e+01 6.238738756161182897e-02
-2.909999999999994458e+01 3.756176065879117398e-02
-2.899999999999994316e+01 5.712106461171060495e-02
-2.889999999999994174e+01 5.872068675351329453e-02
-2.879999999999994031e+01 3.655703097429068016e-02
-2.869999999999993889e+01 1.723330229579005460e-02
-2.859999999999993747e+01 1.210347965979963192e-02
-2.849999999999993605e+01 3.962668109132209959e-02
-2.839999999999993463e+01 6.298011920007411113e-02
-2.829999999999993321e+01 3.637168010037385157e-02
-2.819999999999993179e+01 2.330710482783615589e-02
-2.809999999999993037e+01 1.461745623871684163e-01
-2.799999999999992895e+01 2.753355406224727853e-01
-2.789999999999992752e+01 1.697249656543135532e-01
-2.779999999999992610e+01 7.907099716598167682e-02
-2.769999999999992468e+01 5.710722298012115006e-02
-2.759999999999992326e+01 2.791388257799553782e-02
-2.749999999999992184e+01 4.118127302033827014e-02
-2.739999999999992042e+01 5.243947763636242626e-02
-2.729999999999991900e+01 2.489515371111337971e-02
-2.719999999999991758e+01 4.282131185522303207e-02
-2.709999999999991616e+01 7.975266503635794479e-02
-2.699999999999991473e+01 4.268118204898201096e-02
-2.689999999999991331e+01 7.761057717482344395e-03
-2.679999999999991189e+01 8.389506328385323841e-03
-2.669999999999991047e+01 1.261384219013507446e-02
-2.659999999999990905e+01 1.366999468504218399e-02
-2.649999999999990763e+01 9.563159013778204168e-03
-2.639999999999990621e+01 3.740217752230819148e-02
-2.629999999999990479e+01 8.061583562113810997e-02
-2.619999999999990337e+01 7.635327192721888534e-02
-2.609999999999990195e+01 9.835610800131690257e-02
-2.599999999999990052e+01 4.893506806984078417e-02
-2.589999999999989910e+01 8.671843143820296210e-03
-2.579999999999989768e+01 2.396938108169706372e-02
-2.569999999999989626e+01 2.092349550852304688e-02
-2.559999999999989484e+01 2.412435824691783540e-02
-2.549999999999989342e+01 4.422848098096437974e-02
-2.539999999999989200e+01 4.209051035926677370e-02
-2.529999999999989058e+01 3.259822511405218587e-02
-2.519999999999988916e+01 5.516054744366556684e-02
-2.509999999999988773e+01 8.707134694210254267e-02
-2.499999999999988631e+01 8.001768369227647837e-02
-2.489999999999988489e+01 9.465113552752882353e-02
-2.479999999999988347e+01 5.539416783256456006e-02
-2.469999999999988205e+01 1.013495385977876070e-02
-2.459999999999988063e+01 4.100139324320480061e-02
-2.449999999999987921e+01 8.780706649646162487e-02
-2.439999999999987779e+01 4.673251191241433594e-02
-2.429999999999987637e+01 2.425024522519379430e-02
-2.419999999999987494e+01 2.444694161473307675e-02
-2.409999999999987352e+01 1.251812650385545483e-02
-2.399999999999987210e+01 3.960033952607773002e-03
-2.389999999999987068e+01 9.054722726577892761e-03
-2.379999999999986926e+01 4.597199117299169413e-02
-2.369999999999986784e+01 8.619000059552490989e-02
-2.359999999999986642e+01 6.384232988115400020e-02
-2.349999999999986500e+01 1.916597987066779793e-02
-2.339999999999986358e+01 1.363323623920678108e-02
-2.329999999999986215e+01 1.902228076884057359e-02
-2.319999999999986073e+01 1.044444143190048635e-02
-2.309999999999985931e+01 3.266737462428864064e-02
-2.299999999999985789e+01 8.265942739672027528e-02
-2.289999999999985647e+01 7.476657847990281214e-02
-2.279999999999985505e+01 3.565171022957656227e-02
-2.269999999999985363e+01 4.994703011470846832e-02
-2.259999999999985221e+01 5.690519392228452628e-02
-2.249999999999985079e+01 2.772055072418879579e-02
-2.239999999999984936e+01 5.533810425394676547e-02
-2.229999999999984794e+01 1.121206806134432549e-01
-2.219999999999984652e+01 5.295898291631601779e-02
-2.209999999999984510e+01 3.073458164872136175e-03
-2.199999999999984368e+01 6.298771284054965197e-03
-2.189999999999984226e+01 1.267473237356171040e-02
-2.179999999999984084e+01 2.331307181419106297e-02
-2.169999999999983942e+01 5.381555912893873361e-02
-2.159999999999983800e+01 1.362384096288588031e-01
-2.149999999999983658e+01 3.560552620887756370e-01
-2.139999999999983515e+01 7.032949195802211673e-01
-2.129999999999983373e+01 1.087398848533630336e+00
-2.119999999999983231e+01 2.044230643510818624e+00
-2.109999999999983089e+01 4.410272707939148162e+00
-2.099999999999982947e+01 7.161575379371643457e+00
-2.089999999999982805e+01 1.062128117561340268e+01
-2.079999999999982663e+01 1.413544812202453649e+01
-2.069999999999982521e+01 1.659035449028015208e+01
-2.059999999999982379e+01 1.706376180648803853e+01
-2.049999999999982236e+01 1.557816758155822789e+01
-2.039999999999982094e+01 1.267805820465087940e+01
-2.029999999999981952e+01 1.027989538192749031e+01
-2.019999999999981810e+01 7.830730447769164826e+00
-2.009999999999981668e+01 6.082777905464172186e+00
-1.999999999999981526e+01 5.508002190589905034e+00
-1.989999999999981384e+01 5.937004742622375097e+00
-1.979999999999981242e+01 6.309663939476013006e+00
-1.969999999999981100e+01 7.185241203308105895e+00
-1.959999999999980957e+01 7.928850045204162811e+00
-1.949999999999980815e+01 8.137872109413146759e+00
-1.939999999999980673e+01 7.754985227584838547e+00
-1.929999999999980531e+01 7.706464624404906871e+00
-1.919999999999980389e+01 8.420678119659424254e+00
-1.909999999999980247e+01 8.605156936645506960e+00
-1.899999999999980105e+01 8.001227664947510476e+00
-1.889999999999979963e+01 8.163988237380982227e+00
-1.879999999999979821e+01 8.651636953353881054e+00
-1.869999999999979678e+01 8.944689764976502033e+00
-1.859999999999979536e+01 1.001176286697387674e+01
-1.849999999999979394e+01 1.134001602172851619e+01
-1.839999999999979252e+01 1.289295602798461893e+01
-1.829999999999979110e+01 1.447504528045654304e+01
-1.819999999999978968e+01 1.628165636062622212e+01
-1.809999999999978826e+01 1.722612222671508775e+01
-1.799999999999978684e+01 1.681964595794677564e+01
-1.789999999999978542e+01 1.562634948730468665e+01
-1.779999999999978400e+01 1.304556796073913638e+01
-1.769999999999978257e+01 1.009181476593017557e+01
-1.759999999999978115e+01 7.317527208328247212e+00
-1.749999999999977973e+01 5.458021459579467383e+00
-1.739999999999977831e+01 4.274771144390106414e+00
-1.729999999999977689e+01 3.227593817710876500e+00
-1.719999999999977547e+01 2.826532841920852857e+00
-1.709999999999977405e+01 2.236432390213012766e+00
-1.699999999999977263e+01 2.345159627199172814e+00
-1.689999999999977121e+01 3.029068732261657626e+00
-1.679999999999976978e+01 4.306794767379760636e+00
-1.669999999999976836e+01 6.250417523384093954e+00
-1.659999999999976694e+01 8.896775484085083008e+00
-1.649999999999976552e+01 1.108512598037719776e+01
-1.639999999999976410e+01 1.282242465019226074e+01
-1.629999999999976268e+01 1.356816445350646916e+01
-1.619999999999976126e+01 1.218696179389953649e+01
-1.609999999999975984e+01 9.488352489471434836e+00
-1.599999999999975842e+01 6.560130743980407964e+00
-1.589999999999975699e+01 4.481346576213836919e+00
-1.579999999999975557e+01 3.519998025894165217e+00
-1.569999999999975415e+01 3.395745527744293391e+00
-1.559999999999975273e+01 3.794715743064880353e+00
-1.549999999999975131e+01 4.845751552581787358e+00
-1.539999999999974989e+01 6.563005156517029093e+00
-1.529999999999974847e+01 1.010809150695800795e+01
-1.519999999999974705e+01 1.298016797065734806e+01
-1.509999999999974563e+01 1.649623764991760311e+01
-1.499999999999974420e+01 1.837793689727783075e+01
-1.489999999999974278e+01 1.868472297668456861e+01
-1.479999999999974136e+01 1.755885198593139762e+01
-1.469999999999973994e+01 1.606685058593750171e+01
-1.459999999999973852e+01 1.348150032997131298e+01
-1.449999999999973710e+01 1.279849353790283217e+01
-1.439999999999973568e+01 1.205404906272888255e+01
-1.429999999999973426e+01 1.228684676170349199e+01
-1.419999999999973284e+01 1.253357058525085499e+01
-1.409999999999973141e+01 1.247205510139465368e+01
-1.399999999999972999e+01 1.214837347984313887e+01
-1.389999999999972857e+01 1.204040858268737857e+01
-1.379999999999972715e+01 1.143076861381530840e+01
-1.369999999999972573e+01 1.060207584381103452e+01
-1.359999999999972431e+01 1.053414156913757260e+01
-1.349999999999972289e+01 9.937295417785644958e+00
-1.339999999999972147e+01 9.104853634834290332e+00
-1.329999999999972005e+01 8.739094524383544282e+00
-1.319999999999971863e+01 9.157201352119445303e+00
-1.309999999999971720e+01 9.903312034606933878e+00
-1.299999999999971578e+01 1.103407320976257289e+01
-1.289999999999971436e+01 1.270143176078796365e+01
-1.279999999999971294e+01 1.310862061500549380e+01
-1.269999999999971152e+01 1.275220125198364229e+01
-1.259999999999971010e+01 1.121940194129943791e+01
-1.249999999999970868e+01 8.949667963981628560e+00
-1.239999999999970726e+01 6.749336404800414968e+00
-1.229999999999970584e+01 6.844555187225341619e+00
-1.219999999999970441e+01 7.795823163986206339e+00
-1.209999999999970299e+01 1.124046732902526813e+01
-1.199999999999970157e+01 1.519228527069091861e+01
-1.189999999999970015e+01 1.969403522491455050e+01
-1.179999999999969873e+01 2.281114360809326058e+01
-1.169999999999969731e+01 2.377472999572754020e+01
-1.159999999999969589e+01 2.351473112106323171e+01
-1.149999999999969447e+01 2.280600685119629034e+01
-1.139999999999969305e+01 2.152772600173950224e+01
-1.129999999999969162e+01 2.036148738861083984e+01
-1.119999999999969020e+01 1.962127691268920771e+01
-1.109999999999968878e+01 1.913936420440673913e+01
-1.099999999999968736e+01 1.911317125320434585e+01
-1.089999999999968594e+01 1.961362482070923008e+01
-1.079999999999968452e+01 1.986083574295043874e+01
-1.069999999999968310e+01 2.082085575103759822e+01
-1.059999999999968168e+01 2.234142295837402514e+01
-1.049999999999968026e+01 2.369288679122924890e+01
-1.039999999999967883e+01 2.441558118820190515e+01
-1.029999999999967741e+01 2.420507162094116183e+01
-1.019999999999967599e+01 2.350627807617187415e+01
-1.009999999999967457e+01 2.271283109664916822e+01
-9.999999999999673150e+00 2.291326822280883846e+01
-9.899999999999671729e+00 2.334059410095214915e+01
-9.799999999999670308e+00 2.409096073150634609e+01
-9.699999999999668887e+00 2.526130464553833121e+01
-9.599999999999667466e+00 2.655622531890869098e+01
-9.499999999999666045e+00 2.811064563751220646e+01
-9.399999999999664624e+00 2.943509328842162986e+01
-9.299999999999663203e+00 3.128731241226196147e+01
-9.199999999999661782e+00 3.272353841781616524e+01
-9.099999999999660361e+00 3.452362167358398182e+01
-8.999999999999658939e+00 3.527927314758300525e+01
-8.899999999999657518e+00 3.632263679504394815e+01
-8.799999999999656097e+00 3.678054885864257528e+01
-8.699999999999654676e+00 3.718148086547851250e+01
-8.599999999999653255e+00 3.769287666320801122e+01
-8.499999999999651834e+00 3.745333282470703296e+01
-8.399999999999650413e+00 3.734030288696288835e+01
-8.299999999999648992e+00 3.724067432403564482e+01
-8.199999999999647571e+00 3.603091011047363423e+01
-8.099999999999646150e+00 3.470444049835204936e+01
-7.999999999999644729e+00 3.417387807846069592e+01
-7.899999999999643308e+00 3.331005371093750256e+01
-7.799999999999641886e+00 3.305525026321411275e+01
-7.699999999999640465e+00 3.241624298095702983e+01
-7.599999999999639044e+00 3.177292304992675653e+01
-7.499999999999637623e+00 3.143494832992553611e+01
-7.399999999999636202e+00 3.163973735809326016e+01
-7.299999999999634781e+00 3.177133460998535242e+01
-7.199999999999633360e+00 3.215417089462280131e+01
-7.099999999999631939e+00 3.365105520248413029e+01
-6.999999999999630518e+00 3.460845542907714645e+01
-6.899999999999629097e+00 3.512632766723632471e+01
-6.799999999999627676e+00 3.611278232574463232e+01
-6.699999999999626255e+00 3.608973842620849837e+01
-6.599999999999624833e+00 3.330431413650512695e+01
-6.499999999999623412e+00 2.852873239517212056e+01
-6.399999999999621991e+00 2.265600709915161204e+01
-6.299999999999620570e+00 1.624252342224120937e+01
-6.199999999999619149e+00 9.579693551063536816e+00
-6.099999999999617728e+00 5.143307089805603027e+00
-5.999999999999616307e+00 2.555231931209564156e+00
-5.899999999999614886e+00 1.018955349326133630e+00
-5.799999999999613465e+00 5.832587704062461853e-01
-5.699999999999612044e+00 2.376977039501070865e-01
-5.599999999999610623e+00 1.180827303160913305e-01
-5.499999999999609201e+00 1.086171316739637377e-01
-5.399999999999607780e+00 1.693334095599129674e-01
-5.299999999999606359e+00 1.593397692614234862e-01
-5.199999999999604938e+00 6.932806946220808342e-02
-5.099999999999603517e+00 2.617064825491979829e-02
-4.999999999999602096e+00 4.512625550676602898e-02
-4.899999999999600675e+00 5.364639396429993212e-02
-4.799999999999599254e+00 5.621007256442681066e-02
-4.699999999999597833e+00 6.968049281043932341e-02
-4.599999999999596412e+00 4.604245580267161270e-02
-4.499999999999594991e+00 2.441089231739169974e-02
-4.399999999999593570e+00 1.278205340495333076e-01
-4.299999999999592148e+00 2.280354132642969378e-01
-4.199999999999590727e+00 1.290966498991474587e-01
-4.099999999999589306e+00 3.263395589616266412e-02
-3.999999999999587885e+00 3.437263582037303200e-02
-3.899999999999586464e+00 3.736464609615268440e-02
-3.799999999999585043e+00 3.555314705867203967e-02
-3.699999999999583622e+00 2.487263735849410198e-02
-3.599999999999582201e+00 6.518799759447574393e-02
-3.499999999999580780e+00 1.062565619125962202e-01
-3.399999999999579359e+00 3.868935058824717749e-02
-3.299999999999577938e+00 9.168903936224524071e-03
-3.199999999999576517e+00 2.390451900428160886e-02
-3.099999999999575095e+00 7.305476889945566876e-02
-2.999999999999573674e+00 1.670231148973107260e-01
-2.899999999999572253e+00 1.695897224731743314e-01
-2.799999999999570832e+00 6.045748368836939557e-02
-2.699999999999569411e+00 1.644834696664474946e-02
-2.599999999999567990e+00 1.129450729861855574e-01
-2.499999999999566569e+00 2.433363492041826226e-01
-2.399999999999565148e+00 1.079413251206278734e-01
-2.299999999999563727e+00 2.046688356960657887e-02
-2.199999999999562306e+00 4.088919437694130132e-02
-2.099999999999560885e+00 5.727337273361626790e-02
-1.999999999999559464e+00 3.523520301881944566e-02
-1.899999999999558042e+00 1.459041913257635818e-02
-1.799999999999556621e+00 1.377953166964289260e-02
-1.699999999999555200e+00 2.292277774395188455e-02
-1.599999999999553779e+00 4.466520080721238933e-02
-1.499999999999552358e+00 7.726496079558273222e-02
-1.399999999999550937e+00 1.583525342121720192e-01
-1.299999999999549516e+00 6.041970977187156588e-01
-1.199999999999548095e+00 1.528591479063034164e+00
-1.099999999999546674e+00 2.826972038745880322e+00
-9.999999999995452526e-01 5.575506620407104208e+00
-8.999999999995438316e-01 8.974351258277893706e+00
-7.999999999995424105e-01 1.293712034225463903e+01
-6.999999999995409894e-01 1.691886846542358569e+01
-5.999999999995395683e-01 1.990350290298461999e+01
-4.999999999995381472e-01 2.253697181701660313e+01
-3.999999999995367261e-01 2.484833211898803640e+01
-2.999999999995353051e-01 2.641436742782592617e+01
-1.999999999995338840e-01 2.849369787216186367e+01
-9.999999999953246288e-02 3.002435197830200053e+01
4.689582056016661227e-13 3.199463171005249151e+01
1.000000000004703793e-01 3.280659738540649073e+01
2.000000000004718004e-01 3.338640970230102312e+01
3.000000000004732215e-01 3.461174343109130547e+01
4.000000000004746425e-01 3.645256023406982138e+01
5.000000000004760636e-01 3.849264984130859091e+01
6.000000000004774847e-01 4.143417831420898523e+01
7.000000000004789058e-01 4.432890098571777315e+01
8.000000000004803269e-01 4.712043937683105810e+01
9.000000000004817480e-01 5.044626987457275646e+01
1.000000000000483169e+00 5.299532615661620838e+01
