-3.300000000000000000e+01 1.847610172262648229e-04
-3.289999999999999858e+01 3.059357978679688901e-03
-3.279999999999999716e+01 8.398368464895611396e-03
-3.269999999999999574e+01 3.007045783579087757e-03
-3.259999999999999432e+01 8.727688050009873785e-03
-3.249999999999999289e+01 2.344828665409295215e-02
-3.239999999999999147e+01 1.056303880341147305e-02
-3.229999999999999005e+01 8.719196374003956515e-03
-3.219999999999998863e+01 1.528037778625730356e-02
-3.209999999999998721e+01 7.259671783049270917e-03
-3.199999999999998579e+01 9.926165399974707683e-04
-3.189999999999998437e+01 2.942337193962885067e-02
-3.179999999999998295e+01 6.637856341549194794e-02
-3.169999999999998153e+01 2.956485964969033514e-02
-3.159999999999998010e+01 1.160335112945176618e-03
-3.149999999999997868e+01 3.280629083747043989e-04
-3.139999999999997726e+01 1.118048795615322931e-03
-3.129999999999997584e+01 5.653880356589980000e-04
-3.119999999999997442e+01 6.936769986441504617e-03
-3.109999999999997300e+01 1.592950271892163913e-02
-3.099999999999997158e+01 1.174664602582140525e-02
-3.089999999999997016e+01 1.136995785273029434e-02
-3.079999999999996874e+01 5.325282795820385044e-03
-3.069999999999996732e+01 3.094350150786340063e-03
-3.059999999999996589e+01 9.830311288533266287e-03
-3.049999999999996447e+01 5.023643035383429205e-03
-3.039999999999996305e+01 1.132902872632257554e-03
-3.029999999999996163e+01 1.988300260563846623e-04
-3.019999999999996021e+01 5.570331855932408698e-03
-3.009999999999995879e+01 4.732090854813577468e-02
-2.999999999999995737e+01 5.278135859407484531e-02
-2.989999999999995595e+01 7.716999091499018859e-02
-2.979999999999995453e+01 3.365275574778934381e-02
-2.969999999999995310e+01 1.156991405878216082e-04
-2.959999999999995168e+01 2.951342146843671907e-04
-2.949999999999995026e+01 2.635904704220592867e-04
-2.939999999999994884e+01 1.167256603901023568e-03
-2.929999999999994742e+01 2.500825978950160875e-03
-2.919999999999994600e+01 2.379350084811449224e-03
-2.909999999999994458e+01 2.415646210283739666e-03
-2.899999999999994316e+01 1.072095054405508650e-03
-2.889999999999994174e+01 3.623313750722445632e-06
-2.879999999999994031e+01 2.563291988553828733e-03
-2.869999999999993889e+01 6.391619771545719968e-03
-2.859999999999993747e+01 4.744075025973870999e-03
-2.849999999999993605e+01 4.615282006463416672e-03
-2.839999999999993463e+01 6.200175938829488587e-03
-2.829999999999993321e+01 4.759893624577671116e-03
-2.819999999999993179e+01 1.857547784857160791e-03
-2.809999999999993037e+01 3.111654237000038674e-03
-2.799999999999992895e+01 6.717082019895315517e-03
-2.789999999999992752e+01 7.487050469717359928e-03
-2.779999999999992610e+01 6.148626471986062998e-03
-2.769999999999992468e+01 7.797509682859526947e-03
-2.759999999999992326e+01 1.390855616498356574e-02
-2.749999999999992184e+01 9.027301296009681772e-03
-2.739999999999992042e+01 1.736624055774882523e-03
-2.729999999999991900e+01 2.454225119436159947e-04
-2.719999999999991758e+01 1.390013133089951279e-04
-2.709999999999991616e+01 1.185072321106872605e-04
-2.699999999999991473e+01 1.780156107270158871e-03
-2.689999999999991331e+01 4.042168523301370615e-03
-2.679999999999991189e+01 4.563400331244337957e-03
-2.669999999999991047e+01 2.122585631625497488e-02
-2.659999999999990905e+01 1.690273882290057317e-01
-2.649999999999990763e+01 5.768566400744020717e-01
-2.639999999999990621e+01 9.230119002982973830e-01
-2.629999999999990479e+01 1.694471535831689746e+00
-2.619999999999990337e+01 2.602200730144977658e+00
-2.609999999999990195e+01 3.676761561632156283e+00
-2.599999999999990052e+01 4.756347709894180653e+00
-2.589999999999989910e+01 5.386759945750236867e+00
-2.579999999999989768e+01 5.302638629078865407e+00
-2.569999999999989626e+01 4.670635378360747936e+00
-2.559999999999989484e+01 3.845660227537154974e+00
-2.549999999999989342e+01 2.413201214373111636e+00
-2.539999999999989200e+01 1.448409624397754669e+00
-2.529999999999989058e+01 8.352490138262510522e-01
-2.519999999999988916e+01 3.566995402798056602e-01
-2.509999999999988773e+01 2.411326654255390167e-01
-2.499999999999988631e+01 9.067845344834495058e-02
-2.489999999999988489e+01 4.499872790693189295e-02
-2.479999999999988347e+01 2.352169313780905213e-02
-2.469999999999988205e+01 2.848862185464895447e-02
-2.459999999999988063e+01 6.045118464608094377e-02
-2.449999999999987921e+01 4.469827295033610565e-02
-2.439999999999987779e+01 5.693031327323296725e-02
-2.429999999999987637e+01 1.036432870354474234e-01
-2.419999999999987494e+01 2.403792201446776633e-01
-2.409999999999987352e+01 6.615788981318473372e-01
-2.399999999999987210e+01 1.159237498417496681e+00
-2.389999999999987068e+01 1.780405767261981964e+00
-2.379999999999986926e+01 2.431810432672500522e+00
-2.369999999999986784e+01 3.218524828553199768e+00
-2.359999999999986642e+01 3.536733946204185575e+00
-2.349999999999986500e+01 4.068154227733612238e+00
-2.339999999999986358e+01 4.217006021738052723e+00
-2.329999999999986215e+01 4.104466262459754766e+00
-2.319999999999986073e+01 3.766884244978427887e+00
-2.309999999999985931e+01 3.193402574956416995e+00
-2.299999999999985789e+01 2.548533684015274137e+00
-2.289999999999985647e+01 1.797524952888488681e+00
-2.279999999999985505e+01 1.043978010490536734e+00
-2.269999999999985363e+01 6.410894475877284560e-01
-2.259999999999985221e+01 3.557966280728578345e-01
-2.249999999999985079e+01 1.697426360042300075e-01
-2.239999999999984936e+01 8.337159046204760393e-02
-2.229999999999984794e+01 1.453676121309399692e-03
-2.219999999999984652e+01 5.919629306299611579e-03
-2.209999999999984510e+01 6.391899745163698472e-03
-2.199999999999984368e+01 7.469427199066558214e-03
-2.189999999999984226e+01 2.007357819347816916e-02
-2.179999999999984084e+01 4.721295173148973984e-02
-2.169999999999983942e+01 5.928366284770163197e-02
-2.159999999999983800e+01 1.025872052006889107e-01
-2.149999999999983658e+01 1.742732892045751325e-01
-2.139999999999983515e+01 4.038391877897083981e-01
-2.129999999999983373e+01 7.176464788615704027e-01
-2.119999999999983231e+01 1.248850741237401918e+00
-2.109999999999983089e+01 1.839780655503272966e+00
-2.099999999999982947e+01 1.982025972008705228e+00
-2.089999999999982805e+01 2.074683079123496920e+00
-2.079999999999982663e+01 1.892105266451835632e+00
-2.069999999999982521e+01 1.772465772926807404e+00
-2.059999999999982379e+01 1.799240149557590485e+00
-2.049999999999982236e+01 1.480495943874120757e+00
-2.039999999999982094e+01 1.132179134339094118e+00
-2.029999999999981952e+01 1.130417960882186934e+00
-2.019999999999981810e+01 9.644898928701877150e-01
-2.009999999999981668e+01 8.954600241035223229e-01
-1.999999999999981526e+01 8.005530577152967231e-01
-1.989999999999981384e+01 7.259700655937194602e-01
-1.979999999999981242e+01 6.948948353528976440e-01
-1.969999999999981100e+01 7.016929134726523909e-01
-1.959999999999980957e+01 7.610170938074588554e-01
-1.949999999999980815e+01 8.281986661255359428e-01
-1.939999999999980673e+01 8.952807847410440001e-01
-1.929999999999980531e+01 1.075159046426415355e+00
-1.919999999999980389e+01 1.211428144574165255e+00
-1.909999999999980247e+01 1.354939550161361694e+00
-1.899999999999980105e+01 1.775680487602949054e+00
-1.889999999999979963e+01 2.338965077698230921e+00
-1.879999999999979821e+01 3.022241792082786649e+00
-1.869999999999979678e+01 3.379564155638218104e+00
-1.859999999999979536e+01 3.567205026745796204e+00
-1.849999999999979394e+01 3.658206802606582819e+00
-1.839999999999979252e+01 3.577163600921630771e+00
-1.829999999999979110e+01 3.189013305306434454e+00
-1.819999999999978968e+01 3.013464406132698059e+00
-1.809999999999978826e+01 2.684861601889133365e+00
-1.799999999999978684e+01 3.072901280224323184e+00
-1.789999999999978542e+01 3.858612734079360784e+00
-1.779999999999978400e+01 4.710877457261085866e+00
-1.769999999999978257e+01 5.258114206790923895e+00
-1.759999999999978115e+01 5.362548688054085133e+00
-1.749999999999977973e+01 4.928755170106887462e+00
-1.739999999999977831e+01 4.362977698445320129e+00
-1.729999999999977689e+01 3.864244970679282964e+00
-1.719999999999977547e+01 3.521418905258178800e+00
-1.709999999999977405e+01 3.307067821919917883e+00
-1.699999999999977263e+01 3.227630919218063443e+00
-1.689999999999977121e+01 3.057545351982116522e+00
-1.679999999999976978e+01 2.699294403195381165e+00
-1.669999999999976836e+01 2.150024686753750025e+00
-1.659999999999976694e+01 1.625350033491849810e+00
-1.649999999999976552e+01 1.104057373106479556e+00
-1.639999999999976410e+01 1.048024791106581644e+00
-1.629999999999976268e+01 9.886214111000299898e-01
-1.619999999999976126e+01 9.670517083257437196e-01
-1.609999999999975984e+01 1.570968008786439940e+00
-1.599999999999975842e+01 2.055385133624076932e+00
-1.589999999999975699e+01 2.060308924317360013e+00
-1.579999999999975557e+01 2.081936657428741455e+00
-1.569999999999975415e+01 2.232988597452640445e+00
-1.559999999999975273e+01 2.084275542199611753e+00
-1.549999999999975131e+01 1.821653383970260665e+00
-1.539999999999974989e+01 1.517527104914188296e+00
-1.529999999999974847e+01 1.300225150585174516e+00
-1.519999999999974705e+01 1.224036184698343188e+00
-1.509999999999974563e+01 1.196680629998445600e+00
-1.499999999999974420e+01 1.510993293672800108e+00
-1.489999999999974278e+01 1.794981770217418671e+00
-1.479999999999974136e+01 2.039653684198856176e+00
-1.469999999999973994e+01 2.464198952913284391e+00
-1.459999999999973852e+01 2.668231792747974396e+00
-1.449999999999973710e+01 2.487962774932384491e+00
-1.439999999999973568e+01 2.240239073336124598e+00
-1.429999999999973426e+01 1.846594176441431090e+00
-1.419999999999973284e+01 1.310853320732712657e+00
-1.409999999999973141e+01 1.074882311373948962e+00
-1.399999999999972999e+01 1.105978819727897688e+00
-1.389999999999972857e+01 1.784930815547704608e+00
-1.379999999999972715e+01 2.629673713445663363e+00
-1.369999999999972573e+01 3.256343714892864227e+00
-1.359999999999972431e+01 3.576197504997253418e+00
-1.349999999999972289e+01 3.719519117474555880e+00
-1.339999999999972147e+01 4.005778932571411488e+00
-1.329999999999972005e+01 4.177652731537818909e+00
-1.319999999999971863e+01 4.529208520054817555e+00
-1.309999999999971720e+01 4.856085598468780518e+00
-1.299999999999971578e+01 5.045215255022048595e+00
-1.289999999999971436e+01 4.689247250556945801e+00
-1.279999999999971294e+01 4.746133390069007696e+00
-1.269999999999971152e+01 4.631288126111030579e+00
-1.259999999999971010e+01 4.622255232930183588e+00
-1.249999999999970868e+01 4.896656960248947144e+00
-1.239999999999970726e+01 5.618931075930595043e+00
-1.229999999999970584e+01 6.388884955644607899e+00
-1.219999999999970441e+01 7.288187980651855469e+00
-1.209999999999970299e+01 7.912613558769225897e+00
-1.199999999999970157e+01 8.372440361976623890e+00
-1.189999999999970015e+01 8.220135372877120261e+00
-1.179999999999969873e+01 7.999109059572219849e+00
-1.169999999999969731e+01 7.822503209114074707e+00
-1.159999999999969589e+01 7.474340164661407826e+00
-1.149999999999969447e+01 6.865233790874481379e+00
-1.139999999999969305e+01 6.219535791873932240e+00
-1.129999999999969162e+01 5.378178817033767878e+00
-1.119999999999969020e+01 4.652321925759315135e+00
-1.109999999999968878e+01 4.118893152475356700e+00
-1.099999999999968736e+01 4.102753934264183222e+00
-1.089999999999968594e+01 4.495713198184967396e+00
-1.079999999999968452e+01 5.595078960061073303e+00
-1.069999999999968310e+01 6.770855057239532293e+00
-1.059999999999968168e+01 7.894595074653625311e+00
-1.049999999999968026e+01 8.598544162511824851e+00
-1.039999999999967883e+01 9.360801881551742198e+00
-1.029999999999967741e+01 9.923964416980743053e+00
-1.019999999999967599e+01 1.040633459687233042e+01
-1.009999999999967457e+01 1.080690736174583400e+01
-9.999999999999673150e+00 1.143289440870285034e+01
-9.899999999999671729e+00 1.164688329696655344e+01
-9.799999999999670308e+00 1.214114419221878016e+01
-9.699999999999668887e+00 1.237787607908248866e+01
-9.599999999999667466e+00 1.231965253353118861e+01
-9.499999999999666045e+00 1.199872926473617518e+01
-9.399999999999664624e+00 1.132168856263160706e+01
-9.299999999999663203e+00 1.058669314384460414e+01
-9.199999999999661782e+00 9.763102537393569591e+00
-9.099999999999660361e+00 9.241754400730133767e+00
-8.999999999999658939e+00 8.956929475069046021e+00
-8.899999999999657518e+00 8.953992825746535544e+00
-8.799999999999656097e+00 8.706191581487654929e+00
-8.699999999999654676e+00 8.159177792072295432e+00
-8.599999999999653255e+00 7.684428668022155406e+00
-8.499999999999651834e+00 6.933724921941757380e+00
-8.399999999999650413e+00 5.872216278314590809e+00
-8.299999999999648992e+00 5.135947656631469904e+00
-8.199999999999647571e+00 4.733305802941321971e+00
-8.099999999999646150e+00 4.782205590605736134e+00
-7.999999999999644729e+00 5.530926799774169567e+00
-7.899999999999643308e+00 5.928997811675071894e+00
-7.799999999999641886e+00 6.035199290513991954e+00
-7.699999999999640465e+00 5.944519358873367132e+00
-7.599999999999639044e+00 5.409364888072014210e+00
-7.499999999999637623e+00 4.880655428767203929e+00
-7.399999999999636202e+00 4.276173534989356817e+00
-7.299999999999634781e+00 3.679575839638709933e+00
-7.199999999999633360e+00 3.073680731654166998e+00
-7.099999999999631939e+00 2.622981426119804560e+00
-6.999999999999630518e+00 2.011850082874298007e+00
-6.899999999999629097e+00 1.533277331292629331e+00
-6.799999999999627676e+00 9.729824021458626238e-01
-6.699999999999626255e+00 6.156288840807974116e-01
-6.599999999999624833e+00 6.132781539112329705e-01
-6.499999999999623412e+00 7.406269080936909166e-01
-6.399999999999621991e+00 1.023265666142106012e+00
-6.299999999999620570e+00 1.752854421734809875e+00
-6.199999999999619149e+00 3.036449944972992032e+00
-6.099999999999617728e+00 3.982967099547386258e+00
-5.999999999999616307e+00 4.907765653729438959e+00
-5.899999999999614886e+00 5.701154485344886780e+00
-5.799999999999613465e+00 6.161280420422554194e+00
-5.699999999999612044e+00 6.583457541465759455e+00
-5.599999999999610623e+00 7.065366613864898504e+00
-5.499999999999609201e+00 7.379939055442809703e+00
-5.399999999999607780e+00 7.077429383993148804e+00
-5.299999999999606359e+00 5.982907047867774608e+00
-5.199999999999604938e+00 4.787549766898155035e+00
-5.099999999999603517e+00 3.302426457405090332e+00
-4.999999999999602096e+00 2.045275496691465467e+00
-4.899999999999600675e+00 1.134623501449823380e+00
-4.799999999999599254e+00 7.275737727992236392e-01
-4.699999999999597833e+00 3.337171369115822239e-01
-4.599999999999596412e+00 1.374121509157703314e-01
-4.499999999999594991e+00 1.331920579359575640e-01
-4.399999999999593570e+00 1.263202990448917262e-01
-4.299999999999592148e+00 1.142193034520460060e-01
-4.199999999999590727e+00 9.851074922480620999e-02
-4.099999999999589306e+00 1.174105342321127010e-01
-3.999999999999587885e+00 1.573285265825688783e-01
-3.899999999999586464e+00 1.547418555361218806e-01
-3.799999999999585043e+00 5.816969695770239646e-02
-3.699999999999583622e+00 1.044877519112787957e-02
-3.599999999999582201e+00 5.431535979573709830e-03
-3.499999999999580780e+00 6.085044567112163176e-03
-3.399999999999579359e+00 1.527466535694372782e-02
-3.299999999999577938e+00 1.559730462349762092e-02
-3.199999999999576517e+00 4.585485927145782278e-03
-3.099999999999575095e+00 5.880356674879295021e-04
-2.999999999999573674e+00 1.579646336131190678e-03
-2.899999999999572253e+00 1.678729967898107047e-03
-2.799999999999570832e+00 4.306483001710148355e-03
-2.699999999999569411e+00 1.458937085029887726e-02
-2.599999999999567990e+00 3.052807489802944474e-02
-2.499999999999566569e+00 3.642852698831120645e-02
-2.399999999999565148e+00 1.234919068756426021e-02
-2.299999999999563727e+00 8.238248257202939601e-03
-2.199999999999562306e+00 1.849020665804346208e-02
-2.099999999999560885e+00 1.191939532719743511e-02
-1.999999999999559464e+00 5.127454824978485565e-02
-1.899999999999558042e+00 3.167666488559916504e-01
-1.799999999999556621e+00 6.689103703480213658e-01
-1.699999999999555200e+00 1.282774609327316240e+00
-1.599999999999553779e+00 2.259851139783859431e+00
-1.499999999999552358e+00 2.935511998832225800e+00
-1.399999999999550937e+00 3.390594825148582458e+00
-1.299999999999549516e+00 3.685006833076477140e+00
-1.199999999999548095e+00 4.135694605112075983e+00
-1.099999999999546674e+00 4.232111105322838185e+00
-9.999999999995452526e-01 4.434307155013084589e+00
-8.999999999995438316e-01 4.910311126708984730e+00
-7.999999999995424105e-01 5.728945735096931280e+00
-6.999999999995409894e-01 6.761404818296432140e+00
-5.999999999995395683e-01 7.500363016128540394e+00
-4.999999999995381472e-01 8.366508895158768055e+00
-3.999999999995367261e-01 9.221838825941086171e+00
-2.999999999995353051e-01 9.617785322666168923e+00
-1.999999999995338840e-01 1.043160563707351685e+01
-9.999999999953246288e-02 1.068719716072082448e+01
4.689582056016661227e-13 1.098299363851547206e+01
1.000000000004703793e-01 1.124061931371688772e+01
2.000000000004718004e-01 1.181296445131301809e+01
3.000000000004732215e-01 1.274130374193191528e+01
4.000000000004746425e-01 1.316202882528305018e+01
5.000000000004760636e-01 1.360465075969696080e+01
6.000000000004774847e-01 1.373755416870117152e+01
7.000000000004789058e-01 1.473415288925170863e+01
8.000000000004803269e-01 1.510800852775573766e+01
9.000000000004817480e-01 1.548871271610260081e+01
1.000000000000483169e+00 1.434004763364791835e+01
