-3.300000000000000000e+01 2.063367581504280471e-03
-3.289999999999999858e+01 1.160805108530212244e-02
-3.279999999999999716e+01 5.806091503822244371e-02
-3.269999999999999574e+01 2.851589944077204467e-02
-3.259999999999999432e+01 1.543027419102145290e-02
-3.249999999999999289e+01 7.434887399867875189e-03
-3.239999999999999147e+01 2.560840486999950427e-02
-3.229999999999999005e+01 1.261082395305856974e-01
-3.219999999999998863e+01 7.415256205480545704e-02
-3.209999999999998721e+01 1.352590358168526997e-02
-3.199999999999998579e+01 2.212846055044792565e-05
-3.189999999999998437e+01 1.932959887699325875e-04
-3.179999999999998295e+01 1.761329765207619771e-03
-3.169999999999998153e+01 3.944275270951039074e-03
-3.159999999999998010e+01 1.229243209454580288e-03
-3.149999999999997868e+01 1.736977808611754820e-03
-3.139999999999997726e+01 4.752717408165949876e-03
-3.129999999999997584e+01 3.342985172057524185e-03
-3.119999999999997442e+01 2.358881262871364171e-03
-3.109999999999997300e+01 4.096086918289074640e-03
-3.099999999999997158e+01 1.722825324686709687e-03
-3.089999999999997016e+01 4.757929579318443195e-03
-3.079999999999996874e+01 1.031216590901749483e-02
-3.069999999999996732e+01 4.949667361688625707e-03
-3.059999999999996589e+01 1.164710381799522994e-03
-3.049999999999996447e+01 2.502385333209531347e-03
-3.039999999999996305e+01 1.080765990918735112e-03
-3.029999999999996163e+01 2.858814138744492344e-04
-3.019999999999996021e+01 8.989178517367691398e-05
-3.009999999999995879e+01 9.404084645211696299e-05
-2.999999999999995737e+01 2.185139291738096359e-03
-2.989999999999995595e+01 1.752275800987263335e-02
-2.979999999999995453e+01 7.181161072512622784e-03
-2.969999999999995310e+01 3.256855794461444237e-04
-2.959999999999995168e+01 6.864481602167415509e-04
-2.949999999999995026e+01 1.592557163188530484e-03
-2.939999999999994884e+01 5.044807364129155758e-03
-2.929999999999994742e+01 1.219821875143907094e-02
-2.919999999999994600e+01 4.871618888482771165e-03
-2.909999999999994458e+01 2.177120665437541711e-03
-2.899999999999994316e+01 1.148741450791703660e-03
-2.889999999999994174e+01 9.464574063895270055e-04
-2.879999999999994031e+01 3.114675492906826375e-03
-2.869999999999993889e+01 1.358396824760802618e-02
-2.859999999999993747e+01 1.853680003696354245e-02
-2.849999999999993605e+01 6.784239697444718366e-03
-2.839999999999993463e+01 6.284195704029116054e-04
-2.829999999999993321e+01 1.774760332336882199e-03
-2.819999999999993179e+01 4.227237312261422565e-04
-2.809999999999993037e+01 2.977959928102791418e-04
-2.799999999999992895e+01 4.034985222655507360e-03
-2.789999999999992752e+01 9.501631335951969334e-03
-2.779999999999992610e+01 4.091242677350237673e-03
-2.769999999999992468e+01 8.384030786692164752e-04
-2.759999999999992326e+01 3.725116287823766661e-03
-2.749999999999992184e+01 1.373984123929403818e-03
-2.739999999999992042e+01 5.797741468995809691e-06
-2.729999999999991900e+01 8.283236275565286112e-04
-2.719999999999991758e+01 3.046153878871109364e-03
-2.709999999999991616e+01 1.782493316641193745e-03
-2.699999999999991473e+01 9.743064900976605670e-04
-2.689999999999991331e+01 4.838635459891520683e-03
-2.679999999999991189e+01 6.592243490085820251e-03
-2.669999999999991047e+01 4.020302110420743633e-03
-2.659999999999990905e+01 4.452640032031923017e-03
-2.649999999999990763e+01 1.108111420995555770e-02
-2.639999999999990621e+01 1.615100161681766455e-02
-2.629999999999990479e+01 1.996885933012890885e-02
-2.619999999999990337e+01 2.677893415500875660e-02
-2.609999999999990195e+01 1.225018629214900956e-02
-2.599999999999990052e+01 7.716416328912601178e-04
-2.589999999999989910e+01 8.873850802774541470e-04
-2.579999999999989768e+01 1.428126766523973900e-03
-2.569999999999989626e+01 7.070424596895463678e-04
-2.559999999999989484e+01 2.498656195075454629e-04
-2.549999999999989342e+01 7.550398015882819631e-04
-2.539999999999989200e+01 8.364841087723107887e-03
-2.529999999999989058e+01 1.911308890829331933e-02
-2.519999999999988916e+01 9.007334315292610250e-03
-2.509999999999988773e+01 1.246995224937563675e-03
-2.499999999999988631e+01 6.161914154654368845e-04
-2.489999999999988489e+01 5.184654163895174471e-04
-2.479999999999988347e+01 4.086552576773101741e-03
-2.469999999999988205e+01 8.656792824767762726e-03
-2.459999999999988063e+01 4.679119736101711516e-03
-2.449999999999987921e+01 1.871641739028291314e-03
-2.439999999999987779e+01 1.756027737234262635e-03
-2.429999999999987637e+01 5.249651047051883800e-04
-2.419999999999987494e+01 7.915977621451020783e-05
-2.409999999999987352e+01 4.145698214415460988e-05
-2.399999999999987210e+01 1.410447595990263004e-03
-2.389999999999987068e+01 4.377238378692709445e-03
-2.379999999999986926e+01 3.088199074477415793e-03
-2.369999999999986784e+01 1.135514508023334132e-03
-2.359999999999986642e+01 3.319922609305194731e-03
-2.349999999999986500e+01 1.172352419540402535e-02
-2.339999999999986358e+01 1.548563530704996118e-02
-2.329999999999986215e+01 1.575328688631998444e-02
-2.319999999999986073e+01 1.675812390909413654e-02
-2.309999999999985931e+01 1.697923553678265182e-02
-2.299999999999985789e+01 3.084473509923554846e-02
-2.289999999999985647e+01 5.411230579717084960e-02
-2.279999999999985505e+01 3.029803084500599583e-02
-2.269999999999985363e+01 1.713964221960168413e-02
-2.259999999999985221e+01 9.922191487712552979e-03
-2.249999999999985079e+01 5.142101599558373051e-03
-2.239999999999984936e+01 8.157680546573828351e-03
-2.229999999999984794e+01 2.076036493387073412e-01
-2.219999999999984652e+01 4.510537996329367361e-01
-2.209999999999984510e+01 1.163458685874938947e+00
-2.199999999999984368e+01 2.364876860976218964e+00
-2.189999999999984226e+01 4.043792020082474181e+00
-2.179999999999984084e+01 5.446216360330581985e+00
-2.169999999999983942e+01 5.971603678464889597e+00
-2.159999999999983800e+01 5.769549318552017247e+00
-2.149999999999983658e+01 4.856402624845504334e+00
-2.139999999999983515e+01 3.545224519371986460e+00
-2.129999999999983373e+01 2.368015914559364443e+00
-2.119999999999983231e+01 1.378959921598434502e+00
-2.109999999999983089e+01 6.223661644756793843e-01
-2.099999999999982947e+01 2.050823238384327785e-01
-2.089999999999982805e+01 2.315411591960582841e-02
-2.079999999999982663e+01 4.640658790594898338e-03
-2.069999999999982521e+01 4.553278332750778333e-03
-2.059999999999982379e+01 1.135201330466998129e-02
-2.049999999999982236e+01 2.032171522125281529e-02
-2.039999999999982094e+01 1.963357765282125814e-02
-2.029999999999981952e+01 3.280585805605369665e-02
-2.019999999999981810e+01 8.155965186771936548e-02
-2.009999999999981668e+01 2.002933926321566194e-01
-1.999999999999981526e+01 4.389141096174716816e-01
-1.989999999999981384e+01 7.387930664420128135e-01
-1.979999999999981242e+01 1.068726941049098933e+00
-1.969999999999981100e+01 1.399825386106967828e+00
-1.959999999999980957e+01 1.753484043180942642e+00
-1.949999999999980815e+01 1.857956778109073559e+00
-1.939999999999980673e+01 1.652599979639053362e+00
-1.929999999999980531e+01 1.600490501224994588e+00
-1.919999999999980389e+01 1.457033682167530042e+00
-1.909999999999980247e+01 1.235685956776142014e+00
-1.899999999999980105e+01 1.260329145491123182e+00
-1.889999999999979963e+01 1.219373488426208407e+00
-1.879999999999979821e+01 1.141089166402816879e+00
-1.869999999999979678e+01 1.195230100750923175e+00
-1.859999999999979536e+01 1.179724975526332820e+00
-1.849999999999979394e+01 1.059137648642063168e+00
-1.839999999999979252e+01 1.090785834789276043e+00
-1.829999999999979110e+01 9.659393812716007277e-01
-1.819999999999978968e+01 9.624660229682922008e-01
-1.809999999999978826e+01 9.900617440044879869e-01
-1.799999999999978684e+01 1.008934172987937972e+00
-1.789999999999978542e+01 1.100289419889450171e+00
-1.779999999999978400e+01 1.181409734934568467e+00
-1.769999999999978257e+01 1.259580407738685626e+00
-1.759999999999978115e+01 1.369289742708206248e+00
-1.749999999999977973e+01 1.629111160933971458e+00
-1.739999999999977831e+01 1.813315326869487709e+00
-1.729999999999977689e+01 1.697492385506629953e+00
-1.719999999999977547e+01 1.597015114724636087e+00
-1.709999999999977405e+01 1.372872287929058022e+00
-1.699999999999977263e+01 1.035383955985307747e+00
-1.689999999999977121e+01 5.789609657227993145e-01
-1.679999999999976978e+01 2.789907037653028832e-01
-1.669999999999976836e+01 2.180015194974839754e-01
-1.659999999999976694e+01 1.634661069419235113e-01
-1.649999999999976552e+01 2.273930220957845472e-01
-1.639999999999976410e+01 4.837798735499381775e-01
-1.629999999999976268e+01 7.698073039948940544e-01
-1.619999999999976126e+01 1.115761494934558895e+00
-1.609999999999975984e+01 1.882951585650443960e+00
-1.599999999999975842e+01 2.736982879042625605e+00
-1.589999999999975699e+01 3.700162632465362478e+00
-1.579999999999975557e+01 4.754331586360931006e+00
-1.569999999999975415e+01 5.532897051572799541e+00
-1.559999999999975273e+01 5.551367096900939657e+00
-1.549999999999975131e+01 4.761698441505432200e+00
-1.539999999999974989e+01 3.522939396500587517e+00
-1.529999999999974847e+01 2.232807903885841494e+00
-1.519999999999974705e+01 1.185588974654674610e+00
-1.509999999999974563e+01 6.323400961607694715e-01
-1.499999999999974420e+01 3.867111867293715477e-01
-1.489999999999974278e+01 2.497555834427475918e-01
-1.479999999999974136e+01 1.665016989223659094e-01
-1.469999999999973994e+01 1.519990499177947540e-01
-1.459999999999973852e+01 1.229446909809485122e-01
-1.449999999999973710e+01 2.309711836092173953e-01
-1.439999999999973568e+01 4.906221927702427155e-01
-1.429999999999973426e+01 9.182180146872996884e-01
-1.419999999999973284e+01 1.497938726842403367e+00
-1.409999999999973141e+01 2.015210655927658134e+00
-1.399999999999972999e+01 2.376794042587280220e+00
-1.389999999999972857e+01 2.510820838809013189e+00
-1.379999999999972715e+01 2.366330158710479914e+00
-1.369999999999972573e+01 2.200050930976867658e+00
-1.359999999999972431e+01 2.092672732472419916e+00
-1.349999999999972289e+01 1.872812333106994576e+00
-1.339999999999972147e+01 1.689913607239723170e+00
-1.329999999999972005e+01 1.485881032347679209e+00
-1.319999999999971863e+01 1.315156274735927555e+00
-1.309999999999971720e+01 1.173477576971054148e+00
-1.299999999999971578e+01 1.229139609932899502e+00
-1.289999999999971436e+01 1.283258745074272067e+00
-1.279999999999971294e+01 1.334914393723011017e+00
-1.269999999999971152e+01 1.777150452733039954e+00
-1.259999999999971010e+01 2.313261837959289746e+00
-1.249999999999970868e+01 2.268875226974487180e+00
-1.239999999999970726e+01 2.260171442627906924e+00
-1.229999999999970584e+01 1.945664504170417697e+00
-1.219999999999970441e+01 1.465936231613159224e+00
-1.209999999999970299e+01 1.726275351941585434e+00
-1.199999999999970157e+01 2.102018010020255900e+00
-1.189999999999970015e+01 3.070031785368919408e+00
-1.179999999999969873e+01 4.008771908283233820e+00
-1.169999999999969731e+01 4.515131338834762253e+00
-1.159999999999969589e+01 4.711628279685974086e+00
-1.149999999999969447e+01 4.830740958452224731e+00
-1.139999999999969305e+01 5.239614118337630799e+00
-1.129999999999969162e+01 5.919614363908767274e+00
-1.119999999999969020e+01 7.059649858474731587e+00
-1.109999999999968878e+01 7.741715118885040603e+00
-1.099999999999968736e+01 7.610348103046416846e+00
-1.089999999999968594e+01 6.840928838253021560e+00
-1.079999999999968452e+01 5.927564806938171671e+00
-1.069999999999968310e+01 5.103520739078521551e+00
-1.059999999999968168e+01 4.933668665885925009e+00
-1.049999999999968026e+01 4.867474118471145417e+00
-1.039999999999967883e+01 5.037273398637771571e+00
-1.029999999999967741e+01 5.137737017869949518e+00
-1.019999999999967599e+01 4.715383365154266038e+00
-1.009999999999967457e+01 3.980049498081207116e+00
-9.999999999999673150e+00 3.488324891924857951e+00
-9.899999999999671729e+00 3.298715929985046369e+00
-9.799999999999670308e+00 3.423211889863014168e+00
-9.699999999999668887e+00 3.525569980144500626e+00
-9.599999999999667466e+00 3.807260080575943118e+00
-9.499999999999666045e+00 4.224819188117980850e+00
-9.399999999999664624e+00 4.775071206092834863e+00
-9.299999999999663203e+00 5.295941176414490137e+00
-9.199999999999661782e+00 5.659892563819885147e+00
-9.099999999999660361e+00 5.635664284229278564e+00
-8.999999999999658939e+00 5.337439094781875504e+00
-8.899999999999657518e+00 4.742547780275344849e+00
-8.799999999999656097e+00 4.276222622394561412e+00
-8.699999999999654676e+00 3.945412566661834930e+00
-8.599999999999653255e+00 4.041862818002701196e+00
-8.499999999999651834e+00 4.373926917314529206e+00
-8.399999999999650413e+00 4.792706834077835154e+00
-8.299999999999648992e+00 4.973880819082260096e+00
-8.199999999999647571e+00 5.037915766239166260e+00
-8.099999999999646150e+00 5.121190652847290359e+00
-7.999999999999644729e+00 4.965024046897887899e+00
-7.899999999999643308e+00 4.902485686540603460e+00
-7.799999999999641886e+00 4.656956305503845428e+00
-7.699999999999640465e+00 4.409708998203277552e+00
-7.599999999999639044e+00 4.123652665615082036e+00
-7.499999999999637623e+00 3.831615099906921174e+00
-7.399999999999636202e+00 3.681165289878845392e+00
-7.299999999999634781e+00 3.714551365971565211e+00
-7.199999999999633360e+00 3.739455975294112999e+00
-7.099999999999631939e+00 3.806326838135719370e+00
-6.999999999999630518e+00 3.733587756156921511e+00
-6.899999999999629097e+00 3.933433517217636233e+00
-6.799999999999627676e+00 4.388922271728515234e+00
-6.699999999999626255e+00 4.714254012107849334e+00
-6.599999999999624833e+00 5.049428812265396083e+00
-6.499999999999623412e+00 5.067910569906234564e+00
-6.399999999999621991e+00 4.971244046688079621e+00
-6.299999999999620570e+00 4.500627715587615540e+00
-6.199999999999619149e+00 3.885380519628524709e+00
-6.099999999999617728e+00 3.155027759671211296e+00
-5.999999999999616307e+00 2.418566320538520831e+00
-5.899999999999614886e+00 1.823340850174427041e+00
-5.799999999999613465e+00 1.236689451187849009e+00
-5.699999999999612044e+00 8.331945949047804278e-01
-5.599999999999610623e+00 8.631598824262618486e-01
-5.499999999999609201e+00 1.002593052238226035e+00
-5.399999999999607780e+00 1.351527946293354043e+00
-5.299999999999606359e+00 2.394925758540630500e+00
-5.199999999999604938e+00 3.759390642642975067e+00
-5.099999999999603517e+00 5.702072478532791422e+00
-4.999999999999602096e+00 6.941220163106918584e+00
-4.899999999999600675e+00 6.826947072744369294e+00
-4.799999999999599254e+00 5.824638540744781601e+00
-4.699999999999597833e+00 3.906250376701354998e+00
-4.599999999999596412e+00 1.996317213177680960e+00
-4.499999999999594991e+00 9.611430072784423739e-01
-4.399999999999593570e+00 1.919805791511316750e-01
-4.299999999999592148e+00 8.725973518381124894e-02
-4.199999999999590727e+00 3.174435149332566902e-02
-4.099999999999589306e+00 1.316846544417785494e-02
-3.999999999999587885e+00 2.135791239488753646e-03
-3.899999999999586464e+00 4.160946350020821791e-03
-3.799999999999585043e+00 6.634677070251200105e-03
-3.699999999999583622e+00 5.746264736226294398e-03
-3.599999999999582201e+00 5.951497704371746730e-03
-3.499999999999580780e+00 9.442321899332455776e-03
-3.399999999999579359e+00 4.374102579652117476e-03
-3.299999999999577938e+00 2.557544931587472231e-03
-3.199999999999576517e+00 9.462421534954046712e-04
-3.099999999999575095e+00 9.151370722975115817e-06
-2.999999999999573674e+00 5.056474608409189386e-03
-2.899999999999572253e+00 1.207509089552331709e-02
-2.799999999999570832e+00 5.144905212391677127e-03
-2.699999999999569411e+00 3.730895227636210794e-04
-2.599999999999567990e+00 6.714721303421811649e-04
-2.499999999999566569e+00 1.663589610452618182e-03
-2.399999999999565148e+00 1.863557803824278467e-03
-2.299999999999563727e+00 8.055848827111730670e-03
-2.199999999999562306e+00 1.312263546173198826e-02
-2.099999999999560885e+00 7.324917004443705186e-03
-1.999999999999559464e+00 3.748720363219035668e-03
-1.899999999999558042e+00 5.311518547096057141e-03
-1.799999999999556621e+00 9.392627172055655060e-03
-1.699999999999555200e+00 6.836212541638814894e-03
-1.599999999999553779e+00 5.855442469255649728e-03
-1.499999999999552358e+00 1.928347560125757976e-02
-1.399999999999550937e+00 5.250173596123204611e-02
-1.299999999999549516e+00 1.001376491691917114e-01
-1.199999999999548095e+00 4.527204570919275417e-01
-1.099999999999546674e+00 8.598616272211074829e-01
-9.999999999995452526e-01 1.569850485026836440e+00
-8.999999999995438316e-01 2.277669475078582639e+00
-7.999999999995424105e-01 2.765514537692070007e+00
-6.999999999995409894e-01 3.452835649251937866e+00
-5.999999999995395683e-01 3.747996139526367010e+00
-4.999999999995381472e-01 3.705746455192565847e+00
-3.999999999995367261e-01 4.001905413866043482e+00
-2.999999999995353051e-01 4.532824991941452275e+00
-1.999999999995338840e-01 5.383323290348053014e+00
-9.999999999953246288e-02 5.689043616056442154e+00
4.689582056016661227e-13 6.416311680078506718e+00
1.000000000004703793e-01 6.849500312805175462e+00
2.000000000004718004e-01 7.528124198913574538e+00
3.000000000004732215e-01 7.985912282466888001e+00
4.000000000004746425e-01 8.028899445533753010e+00
5.000000000004760636e-01 8.004267933368682364e+00
6.000000000004774847e-01 7.928490936756134033e+00
7.000000000004789058e-01 8.334510948657989360e+00
8.000000000004803269e-01 8.668701217174529461e+00
9.000000000004817480e-01 9.387875483036040691e+00
1.000000000000483169e+00 9.457094500064849640e+00
