-3.300000000000000000e+01 9.027984846266917662e-02
-3.289999999999999858e+01 4.403648281921050678e-02
-3.279999999999999716e+01 2.140641729729850229e-02
-3.269999999999999574e+01 2.725324260904926632e-02
-3.259999999999999432e+01 1.707078265109430656e-02
-3.249999999999999289e+01 1.711354031151586172e-02
-3.239999999999999147e+01 6.525666845900559947e-03
-3.229999999999999005e+01 1.937954016445075803e-04
-3.219999999999998863e+01 1.218857385401861306e-03
-3.209999999999998721e+01 2.660544870141166082e-03
-3.199999999999998579e+01 1.565102001743525753e-03
-3.189999999999998437e+01 2.555827956075518116e-04
-3.179999999999998295e+01 6.251620041439309825e-05
-3.169999999999998153e+01 1.693893077754182839e-04
-3.159999999999998010e+01 4.669222540906048250e-04
-3.149999999999997868e+01 8.676975739606859750e-02
-3.139999999999997726e+01 1.762880093183048225e-01
-3.129999999999997584e+01 2.373074546456336864e-01
-3.119999999999997442e+01 3.888219455257058144e-01
-3.109999999999997300e+01 2.531550458399579040e-01
-3.099999999999997158e+01 5.594043113687803548e-02
-3.089999999999997016e+01 1.326799938876206328e-02
-3.079999999999996874e+01 4.992940395459299907e-02
-3.069999999999996732e+01 9.957288745092228444e-02
-3.059999999999996589e+01 4.499529800814343339e-02
-3.049999999999996447e+01 6.498078638833248684e-04
-3.039999999999996305e+01 1.848423298470152102e-03
-3.029999999999996163e+01 3.364984112477031712e-03
-3.019999999999996021e+01 4.252979634421940464e-02
-3.009999999999995879e+01 9.228745858526962720e-02
-2.999999999999995737e+01 5.305474267846875536e-02
-2.989999999999995595e+01 1.268249351067424896e-02
-2.979999999999995453e+01 1.173142973345238649e-01
-2.969999999999995310e+01 2.484043125511379846e-01
-2.959999999999995168e+01 2.575795130228653029e-01
-2.949999999999995026e+01 6.329635209019761621e-01
-2.939999999999994884e+01 9.952396952267735797e-01
-2.929999999999994742e+01 1.675043196883052588e+00
-2.919999999999994600e+01 2.939193463437259179e+00
-2.909999999999994458e+01 4.398574043288826729e+00
-2.899999999999994316e+01 5.585738373845815730e+00
-2.889999999999994174e+01 5.375879393219947566e+00
-2.879999999999994031e+01 5.041599760204553249e+00
-2.869999999999993889e+01 4.386029125079512703e+00
-2.859999999999993747e+01 3.087255007177591271e+00
-2.849999999999993605e+01 1.313915726230479697e+00
-2.839999999999993463e+01 9.218322124332190004e-01
-2.829999999999993321e+01 8.224755675997584836e-01
-2.819999999999993179e+01 1.519206846803426769e+00
-2.809999999999993037e+01 2.273267341777682304e+00
-2.799999999999992895e+01 3.280722297839820278e+00
-2.789999999999992752e+01 4.599490551128983640e+00
-2.779999999999992610e+01 6.242615771591663254e+00
-2.769999999999992468e+01 7.425553613752126303e+00
-2.759999999999992326e+01 8.891015158742666458e+00
-2.749999999999992184e+01 8.977162342518568039e+00
-2.739999999999992042e+01 8.452832487523556537e+00
-2.729999999999991900e+01 6.557216037064790726e+00
-2.719999999999991758e+01 4.522752662077546226e+00
-2.709999999999991616e+01 3.364794777408242066e+00
-2.699999999999991473e+01 2.931407776772975815e+00
-2.689999999999991331e+01 2.056175585053860999e+00
-2.679999999999991189e+01 2.136845868565142137e+00
-2.669999999999991047e+01 2.399785459712147517e+00
-2.659999999999990905e+01 2.668606420643627519e+00
-2.649999999999990763e+01 3.831697412878274811e+00
-2.639999999999990621e+01 4.559919021204113854e+00
-2.629999999999990479e+01 5.073208751007914685e+00
-2.619999999999990337e+01 5.095216661766171384e+00
-2.609999999999990195e+01 4.470127021372317877e+00
-2.599999999999990052e+01 3.524272161461412978e+00
-2.589999999999989910e+01 2.868159145116806030e+00
-2.579999999999989768e+01 1.877197416834533117e+00
-2.569999999999989626e+01 1.286562279565259814e+00
-2.559999999999989484e+01 1.087215715153142748e+00
-2.549999999999989342e+01 1.186631391327828133e+00
-2.539999999999989200e+01 1.673517604563385275e+00
-2.529999999999989058e+01 2.072521301172673525e+00
-2.519999999999988916e+01 2.556022366918623501e+00
-2.509999999999988773e+01 2.645259824842214780e+00
-2.499999999999988631e+01 2.078627750650048345e+00
-2.489999999999988489e+01 1.797465776335448018e+00
-2.479999999999988347e+01 1.496612600181251862e+00
-2.469999999999988205e+01 6.654764962708576981e-01
-2.459999999999988063e+01 2.328805539793211143e-01
-2.449999999999987921e+01 2.249724597721797226e-01
-2.439999999999987779e+01 3.128919488316750930e-01
-2.429999999999987637e+01 1.684002958823111740e-01
-2.419999999999987494e+01 2.136834575409014142e-02
-2.409999999999987352e+01 2.913575164472604132e-02
-2.399999999999987210e+01 1.956921624149416186e-02
-2.389999999999987068e+01 2.140490641773112532e-02
-2.379999999999986926e+01 8.988227170162645108e-02
-2.369999999999986784e+01 1.504259978998743474e-01
-2.359999999999986642e+01 8.786343256462714191e-02
-2.349999999999986500e+01 3.351824712101802300e-02
-2.339999999999986358e+01 3.974768645216954915e-02
-2.329999999999986215e+01 5.137454416355467096e-02
-2.319999999999986073e+01 5.845887329690393347e-02
-2.309999999999985931e+01 7.121048858680296967e-02
-2.299999999999985789e+01 1.047525461855593615e-01
-2.289999999999985647e+01 1.544027854675368849e-01
-2.279999999999985505e+01 1.933458006021100961e-01
-2.269999999999985363e+01 2.170635058387415384e-01
-2.259999999999985221e+01 4.379705086466856301e-01
-2.249999999999985079e+01 7.600177942262962283e-01
-2.239999999999984936e+01 1.046970843030139875e+00
-2.229999999999984794e+01 1.800367637872695825e+00
-2.219999999999984652e+01 2.501504113934934104e+00
-2.209999999999984510e+01 2.857213345170021235e+00
-2.199999999999984368e+01 3.075040950179099841e+00
-2.189999999999984226e+01 3.019416927695274477e+00
-2.179999999999984084e+01 2.963878341056406462e+00
-2.169999999999983942e+01 3.318004467487335241e+00
-2.159999999999983800e+01 3.619920256957411819e+00
-2.149999999999983658e+01 3.250219717025756960e+00
-2.139999999999983515e+01 2.809356103241443581e+00
-2.129999999999983373e+01 3.198196900784969543e+00
-2.119999999999983231e+01 2.699289159625768875e+00
-2.109999999999983089e+01 2.530709170661866736e+00
-2.099999999999982947e+01 3.061157771050929899e+00
-2.089999999999982805e+01 3.578412920460104729e+00
-2.079999999999982663e+01 3.797148618623614524e+00
-2.069999999999982521e+01 3.682607468515634697e+00
-2.059999999999982379e+01 3.990308795347809578e+00
-2.049999999999982236e+01 4.076613809913396835e+00
-2.039999999999982094e+01 3.562658023014664721e+00
-2.029999999999981952e+01 3.302238596901297729e+00
-2.019999999999981810e+01 3.390287706479430341e+00
-2.009999999999981668e+01 3.344312243834137721e+00
-1.999999999999981526e+01 3.000318830497562761e+00
-1.989999999999981384e+01 2.596659851521253781e+00
-1.979999999999981242e+01 2.570066285468637801e+00
-1.969999999999981100e+01 2.973833170272409898e+00
-1.959999999999980957e+01 3.696818474829196788e+00
-1.949999999999980815e+01 4.720792363062501273e+00
-1.939999999999980673e+01 5.305554388985037839e+00
-1.929999999999980531e+01 5.319950453639030741e+00
-1.919999999999980389e+01 5.136835249140858650e+00
-1.909999999999980247e+01 4.392901263982057714e+00
-1.899999999999980105e+01 3.564555520713329262e+00
-1.889999999999979963e+01 3.363794365301728373e+00
-1.879999999999979821e+01 3.185282208882272315e+00
-1.869999999999979678e+01 3.310606790632009577e+00
-1.859999999999979536e+01 3.660536416098475243e+00
-1.849999999999979394e+01 4.019078884944319974e+00
-1.839999999999979252e+01 4.251600909456610289e+00
-1.829999999999979110e+01 4.184580475240945674e+00
-1.819999999999978968e+01 3.939316370040178317e+00
-1.809999999999978826e+01 3.390970344990491991e+00
-1.799999999999978684e+01 2.565306640863418419e+00
-1.789999999999978542e+01 2.025817844532430190e+00
-1.779999999999978400e+01 1.583162229359149853e+00
-1.769999999999978257e+01 1.971221571117639515e+00
-1.759999999999978115e+01 2.207564916238188957e+00
-1.749999999999977973e+01 3.011290945820510601e+00
-1.739999999999977831e+01 3.797290649861097211e+00
-1.729999999999977689e+01 4.284696734994650313e+00
-1.719999999999977547e+01 4.371126587167382560e+00
-1.709999999999977405e+01 4.793334025293588319e+00
-1.699999999999977263e+01 5.037813441529870317e+00
-1.689999999999977121e+01 5.001921016573906087e+00
-1.679999999999976978e+01 4.832081148549914218e+00
-1.669999999999976836e+01 4.945377713888883697e+00
-1.659999999999976694e+01 4.776456046700477742e+00
-1.649999999999976552e+01 4.187916464880109046e+00
-1.639999999999976410e+01 4.265127177536487402e+00
-1.629999999999976268e+01 3.906315981075167532e+00
-1.619999999999976126e+01 3.541241604611277793e+00
-1.609999999999975984e+01 4.206533114612102331e+00
-1.599999999999975842e+01 4.626173427924514137e+00
-1.589999999999975699e+01 5.065234855189919116e+00
-1.579999999999975557e+01 4.847826373502612363e+00
-1.569999999999975415e+01 4.327813491672277024e+00
-1.559999999999975273e+01 4.142258480787277541e+00
-1.549999999999975131e+01 3.555616541728377378e+00
-1.539999999999974989e+01 2.682705453224480063e+00
-1.529999999999974847e+01 2.532487466074526239e+00
-1.519999999999974705e+01 2.483322466984391408e+00
-1.509999999999974563e+01 2.996084841862320935e+00
-1.499999999999974420e+01 3.277004789337516044e+00
-1.489999999999974278e+01 4.106018952503800001e+00
-1.479999999999974136e+01 4.979314911067485916e+00
-1.469999999999973994e+01 5.720342503935098577e+00
-1.459999999999973852e+01 6.350200056284665884e+00
-1.449999999999973710e+01 7.299319125562906407e+00
-1.439999999999973568e+01 8.015447081476450464e+00
-1.429999999999973426e+01 8.407261774688958411e+00
-1.419999999999973284e+01 8.898298683464526349e+00
-1.409999999999973141e+01 8.476531619131565165e+00
-1.399999999999972999e+01 7.908579028397798361e+00
-1.389999999999972857e+01 7.193183079063892649e+00
-1.379999999999972715e+01 6.510870698690414571e+00
-1.369999999999972573e+01 5.561871185749769353e+00
-1.359999999999972431e+01 5.074982714205980017e+00
-1.349999999999972289e+01 4.607447536066174187e+00
-1.339999999999972147e+01 4.601054515019058933e+00
-1.329999999999972005e+01 4.461473080962896631e+00
-1.319999999999971863e+01 4.793702816739678241e+00
-1.309999999999971720e+01 5.378629508614539922e+00
-1.299999999999971578e+01 6.883141242563724838e+00
-1.289999999999971436e+01 8.693576416075229574e+00
-1.279999999999971294e+01 9.761174591481685425e+00
-1.269999999999971152e+01 1.057134330153465207e+01
-1.259999999999971010e+01 1.103078059941530142e+01
-1.249999999999970868e+01 1.154428536146879125e+01
-1.239999999999970726e+01 1.224990868538618116e+01
-1.229999999999970584e+01 1.282628239810466830e+01
-1.219999999999970441e+01 1.350193480253219569e+01
-1.209999999999970299e+01 1.396684864908456802e+01
-1.199999999999970157e+01 1.427320158272981665e+01
-1.189999999999970015e+01 1.470848975926637614e+01
-1.179999999999969873e+01 1.516029107898473782e+01
-1.169999999999969731e+01 1.547623446375131628e+01
-1.159999999999969589e+01 1.530704552203416746e+01
-1.149999999999969447e+01 1.479519332528114361e+01
-1.139999999999969305e+01 1.389907229751348439e+01
-1.129999999999969162e+01 1.324902919203042906e+01
-1.119999999999969020e+01 1.352310603529214816e+01
-1.109999999999968878e+01 1.393315122842788689e+01
-1.099999999999968736e+01 1.455787344932556238e+01
-1.089999999999968594e+01 1.487575590580701856e+01
-1.079999999999968452e+01 1.513621949493884955e+01
-1.069999999999968310e+01 1.491209562331438043e+01
-1.059999999999968168e+01 1.384545074164867451e+01
-1.049999999999968026e+01 1.283636248290538795e+01
-1.039999999999967883e+01 1.170431201845407543e+01
-1.029999999999967741e+01 1.044085935831069989e+01
-1.019999999999967599e+01 9.077344190329313278e+00
-1.009999999999967457e+01 8.244098225533962321e+00
-9.999999999999673150e+00 8.125449710637331791e+00
-9.899999999999671729e+00 8.272960673421621891e+00
-9.799999999999670308e+00 8.494560604691505645e+00
-9.699999999999668887e+00 8.588413480371237085e+00
-9.599999999999667466e+00 8.414198417365550853e+00
-9.499999999999666045e+00 7.575738905221223618e+00
-9.399999999999664624e+00 7.349330840259790776e+00
-9.299999999999663203e+00 7.076666795611381566e+00
-9.199999999999661782e+00 7.114515289217234084e+00
-9.099999999999660361e+00 8.256974452435970946e+00
-8.999999999999658939e+00 9.438821446895598655e+00
-8.899999999999657518e+00 1.037421452611684813e+01
-8.799999999999656097e+00 1.129200436681509068e+01
-8.699999999999654676e+00 1.207767379850149148e+01
-8.599999999999653255e+00 1.225768027514219227e+01
-8.499999999999651834e+00 1.215872757643461277e+01
-8.399999999999650413e+00 1.182025806248188005e+01
-8.299999999999648992e+00 1.104551930487155964e+01
-8.199999999999647571e+00 1.042959151893854219e+01
-8.099999999999646150e+00 9.914755896627902132e+00
-7.999999999999644729e+00 1.043780009686946819e+01
-7.899999999999643308e+00 1.086266526997089343e+01
-7.799999999999641886e+00 1.117921348303556428e+01
-7.699999999999640465e+00 1.136556572467088699e+01
-7.599999999999639044e+00 1.169858352273702629e+01
-7.499999999999637623e+00 1.110633269101381337e+01
-7.399999999999636202e+00 1.005208622395992357e+01
-7.299999999999634781e+00 9.513316709250212000e+00
-7.199999999999633360e+00 9.360287045985460352e+00
-7.099999999999631939e+00 8.965931673645973987e+00
-6.999999999999630518e+00 8.436768827587366459e+00
-6.899999999999629097e+00 7.433839497864246582e+00
-6.799999999999627676e+00 6.133180131465196361e+00
-6.699999999999626255e+00 4.919762740284204128e+00
-6.599999999999624833e+00 3.888187160342931659e+00
-6.499999999999623412e+00 2.614058911688625919e+00
-6.399999999999621991e+00 2.232638784684240818e+00
-6.299999999999620570e+00 2.547095616236329185e+00
-6.199999999999619149e+00 2.895186504274606776e+00
-6.099999999999617728e+00 3.061512193903327184e+00
-5.999999999999616307e+00 3.195964782536029780e+00
-5.899999999999614886e+00 2.872767425291240073e+00
-5.799999999999613465e+00 1.834810887873172813e+00
-5.699999999999612044e+00 9.635146225243806928e-01
-5.599999999999610623e+00 5.195875266473740650e-01
-5.499999999999609201e+00 4.696385152707807653e-01
-5.399999999999607780e+00 3.756180454138666192e-01
-5.299999999999606359e+00 1.840241615753620830e-01
-5.199999999999604938e+00 6.479178166991005072e-02
-5.099999999999603517e+00 8.265170490794844504e-02
-4.999999999999602096e+00 5.504558058602924270e-02
-4.899999999999600675e+00 4.330870635695702880e-02
-4.799999999999599254e+00 1.126180936537730243e-01
-4.699999999999597833e+00 3.273003181710373855e-01
-4.599999999999596412e+00 5.715097563550807225e-01
-4.499999999999594991e+00 1.476749795805662790e+00
-4.399999999999593570e+00 2.338176428675651675e+00
-4.299999999999592148e+00 2.553844601735472786e+00
-4.199999999999590727e+00 2.861253152489662277e+00
-4.099999999999589306e+00 2.995506028980016833e+00
-3.999999999999587885e+00 2.741244827471673418e+00
-3.899999999999586464e+00 1.692135586906224454e+00
-3.799999999999585043e+00 1.060347061157226545e+00
-3.699999999999583622e+00 9.504429468512535228e-01
-3.599999999999582201e+00 6.563539220206439095e-01
-3.499999999999580780e+00 3.969089477648958808e-01
-3.399999999999579359e+00 1.457704529743641508e+00
-3.299999999999577938e+00 2.602324611805379551e+00
-3.199999999999576517e+00 3.218279380649328392e+00
-3.099999999999575095e+00 4.408738517761230824e+00
-2.999999999999573674e+00 5.890452628880739283e+00
-2.899999999999572253e+00 6.599820854812860738e+00
-2.799999999999570832e+00 6.801405162960290518e+00
-2.699999999999569411e+00 6.259499606788158310e+00
-2.599999999999567990e+00 6.426747426241636418e+00
-2.499999999999566569e+00 5.724826277196407354e+00
-2.399999999999565148e+00 5.461593601405621001e+00
-2.299999999999563727e+00 6.139138357490301345e+00
-2.199999999999562306e+00 6.231316052824258378e+00
-2.099999999999560885e+00 6.662997181266546498e+00
-1.999999999999559464e+00 7.115640558600425436e+00
-1.899999999999558042e+00 7.172584918141365229e+00
-1.799999999999556621e+00 7.043494143337011515e+00
-1.699999999999555200e+00 6.999545694887638447e+00
-1.599999999999553779e+00 6.802583284378052042e+00
-1.499999999999552358e+00 6.454533321261405554e+00
-1.399999999999550937e+00 5.974879082590341284e+00
-1.299999999999549516e+00 5.787367794066667237e+00
-1.199999999999548095e+00 5.038041261434554663e+00
-1.099999999999546674e+00 5.245598577260970785e+00
-9.999999999995452526e-01 5.634519011825322998e+00
-8.999999999995438316e-01 6.413541134744882299e+00
-7.999999999995424105e-01 7.800034890174865509e+00
-6.999999999995409894e-01 9.406778627336025878e+00
-5.999999999995395683e-01 1.067985835343599277e+01
-4.999999999995381472e-01 1.113887221544981010e+01
-3.999999999995367261e-01 1.130183080315589983e+01
-2.999999999995353051e-01 1.119223799854517054e+01
-1.999999999995338840e-01 1.101741973489522941e+01
-9.999999999953246288e-02 1.031874750584363909e+01
4.689582056016661227e-13 1.034292165666818697e+01
1.000000000004703793e-01 1.096539168655872309e+01
2.000000000004718004e-01 1.187351879060268445e+01
3.000000000004732215e-01 1.305216570943593979e+01
4.000000000004746425e-01 1.377898617088794708e+01
5.000000000004760636e-01 1.440304334521293583e+01
6.000000000004774847e-01 1.452926063239574361e+01
7.000000000004789058e-01 1.416583578228950557e+01
8.000000000004803269e-01 1.373037886083126047e+01
9.000000000004817480e-01 1.328989841938018834e+01
1.000000000000483169e+00 1.142642744868993709e+01
