-3.300000000000000000e+01 1.228357749749557082e-01
-3.289999999999999858e+01 5.213267008372021727e-02
-3.279999999999999716e+01 4.736821673167469077e-02
-3.269999999999999574e+01 3.352768318170433470e-02
-3.259999999999999432e+01 1.053116573602892458e-01
-3.249999999999999289e+01 2.403293987363576967e-01
-3.239999999999999147e+01 1.160274091747123815e-01
-3.229999999999999005e+01 1.260105689963893390e-02
-3.219999999999998863e+01 5.358144472922959055e-03
-3.209999999999998721e+01 1.935994407961288619e-02
-3.199999999999998579e+01 4.749609960586212432e-02
-3.189999999999998437e+01 1.920907637100753920e-02
-3.179999999999998295e+01 2.700916584142998116e-03
-3.169999999999998153e+01 1.471260184812308615e-02
-3.159999999999998010e+01 3.741978163698377047e-02
-3.149999999999997868e+01 2.057239208484588910e-02
-3.139999999999997726e+01 3.898638674761969319e-02
-3.129999999999997584e+01 5.087860181566156853e-02
-3.119999999999997442e+01 8.735041428719071688e-02
-3.109999999999997300e+01 1.619754692731475987e-01
-3.099999999999997158e+01 8.330514372544711721e-02
-3.089999999999997016e+01 3.078074241040667375e-02
-3.079999999999996874e+01 2.166657820425598249e-02
-3.069999999999996732e+01 4.137496615898271501e-02
-3.059999999999996589e+01 6.150145632141629931e-02
-3.049999999999996447e+01 7.634315775023424455e-02
-3.039999999999996305e+01 1.187681811596849046e-01
-3.029999999999996163e+01 1.150700167032846361e-01
-3.019999999999996021e+01 1.178915240291098648e-01
-3.009999999999995879e+01 1.872894795104366461e-01
-2.999999999999995737e+01 1.295262325743078702e-01
-2.989999999999995595e+01 1.316359099539476940e-01
-2.979999999999995453e+01 1.194579120065827754e-01
-2.969999999999995310e+01 2.948233898824582921e-02
-2.959999999999995168e+01 2.960573385030329649e-04
-2.949999999999995026e+01 9.411474050830293285e-04
-2.939999999999994884e+01 1.046521645812774175e-02
-2.929999999999994742e+01 1.958603529782522099e-02
-2.919999999999994600e+01 8.249534893238888444e-03
-2.909999999999994458e+01 1.420895572675817675e-02
-2.899999999999994316e+01 3.602683011100452776e-02
-2.889999999999994174e+01 2.187918826007802242e-02
-2.879999999999994031e+01 1.819295277207274436e-02
-2.869999999999993889e+01 1.685569471749659085e-02
-2.859999999999993747e+01 9.412133308755983932e-03
-2.849999999999993605e+01 3.974825359994042795e-02
-2.839999999999993463e+01 9.960024962616102762e-02
-2.829999999999993321e+01 1.072783373232868986e-01
-2.819999999999993179e+01 3.053919063592184235e-01
-2.809999999999993037e+01 7.806950269453227786e-01
-2.799999999999992895e+01 1.692178920637816164e+00
-2.789999999999992752e+01 2.396002361061982722e+00
-2.779999999999992610e+01 3.077169982809573323e+00
-2.769999999999992468e+01 3.429689676556736178e+00
-2.759999999999992326e+01 4.070658585838973664e+00
-2.749999999999992184e+01 4.230433176867664180e+00
-2.739999999999992042e+01 4.810937070958316575e+00
-2.729999999999991900e+01 5.049173578545451235e+00
-2.719999999999991758e+01 4.423805270679294743e+00
-2.709999999999991616e+01 2.987731001786887663e+00
-2.699999999999991473e+01 1.810539270821027502e+00
-2.689999999999991331e+01 9.811003538314253536e-01
-2.679999999999991189e+01 1.295155584169551677e+00
-2.669999999999991047e+01 1.346675894502550319e+00
-2.659999999999990905e+01 1.371871258770115620e+00
-2.649999999999990763e+01 1.940139443558291488e+00
-2.639999999999990621e+01 2.526062157059786983e+00
-2.629999999999990479e+01 2.803967832974158192e+00
-2.619999999999990337e+01 2.472855373057536887e+00
-2.609999999999990195e+01 3.344389887731522126e+00
-2.599999999999990052e+01 6.266928138732910547e+00
-2.589999999999989910e+01 8.653850052878260257e+00
-2.579999999999989768e+01 1.215022378042340279e+01
-2.569999999999989626e+01 1.516661067038774569e+01
-2.559999999999989484e+01 1.519125503838062308e+01
-2.549999999999989342e+01 1.276195119068026607e+01
-2.539999999999989200e+01 1.047425805836915913e+01
-2.529999999999989058e+01 8.959895780682563426e+00
-2.519999999999988916e+01 5.927223009988665581e+00
-2.509999999999988773e+01 3.943086606450378895e+00
-2.499999999999988631e+01 2.952301466446369815e+00
-2.489999999999988489e+01 1.633693316513672444e+00
-2.479999999999988347e+01 1.036578117728931936e+00
-2.469999999999988205e+01 1.159484090572223014e+00
-2.459999999999988063e+01 1.085096208457835054e+00
-2.449999999999987921e+01 1.177082542695570666e+00
-2.439999999999987779e+01 1.323472903510555687e+00
-2.429999999999987637e+01 1.317391928795259348e+00
-2.419999999999987494e+01 1.116714603547006801e+00
-2.409999999999987352e+01 1.413783230995759421e+00
-2.399999999999987210e+01 2.225439839866012459e+00
-2.389999999999987068e+01 3.069039110951125693e+00
-2.379999999999986926e+01 3.487098238468170130e+00
-2.369999999999986784e+01 3.256639579646289473e+00
-2.359999999999986642e+01 3.396284045688807929e+00
-2.349999999999986500e+01 4.417162741273641835e+00
-2.339999999999986358e+01 4.661039543151855646e+00
-2.329999999999986215e+01 5.296774857565760719e+00
-2.319999999999986073e+01 6.627559463307261645e+00
-2.309999999999985931e+01 8.161763678938150690e+00
-2.299999999999985789e+01 8.798077191114424878e+00
-2.289999999999985647e+01 9.737025867998600148e+00
-2.279999999999985505e+01 9.830504413992166235e+00
-2.269999999999985363e+01 9.649358863383531215e+00
-2.259999999999985221e+01 9.415925428867339519e+00
-2.249999999999985079e+01 9.090300769954920312e+00
-2.239999999999984936e+01 7.316187114864587393e+00
-2.229999999999984794e+01 5.347827536761760925e+00
-2.219999999999984652e+01 2.999245331287383909e+00
-2.209999999999984510e+01 2.149899450335651441e+00
-2.199999999999984368e+01 1.893561463188379923e+00
-2.189999999999984226e+01 1.761843942711129873e+00
-2.179999999999984084e+01 1.509645857224240828e+00
-2.169999999999983942e+01 1.618297141222283297e+00
-2.159999999999983800e+01 2.183957688566297239e+00
-2.149999999999983658e+01 2.696141881346702629e+00
-2.139999999999983515e+01 2.252228632438928013e+00
-2.129999999999983373e+01 2.117166136000305343e+00
-2.119999999999983231e+01 2.366906154733151357e+00
-2.109999999999983089e+01 2.705448375251144011e+00
-2.099999999999982947e+01 3.015413705408573009e+00
-2.089999999999982805e+01 4.607786015309393690e+00
-2.079999999999982663e+01 6.332846523448824705e+00
-2.069999999999982521e+01 7.162228628993034363e+00
-2.059999999999982379e+01 8.767130165398121733e+00
-2.049999999999982236e+01 9.947354485839605687e+00
-2.039999999999982094e+01 9.309930075407027772e+00
-2.029999999999981952e+01 9.496240876466035985e+00
-2.019999999999981810e+01 9.324558036774396541e+00
-2.009999999999981668e+01 9.256280554234981750e+00
-1.999999999999981526e+01 8.985395542532206292e+00
-1.989999999999981384e+01 9.602630181163549494e+00
-1.979999999999981242e+01 9.999632997810840251e+00
-1.969999999999981100e+01 1.073836001813411656e+01
-1.959999999999980957e+01 1.240873756736517031e+01
-1.949999999999980815e+01 1.350281423658132596e+01
-1.939999999999980673e+01 1.468948815375566497e+01
-1.929999999999980531e+01 1.585992019981145873e+01
-1.919999999999980389e+01 1.747170845985412768e+01
-1.909999999999980247e+01 1.736226475924253521e+01
-1.899999999999980105e+01 1.589616344481706633e+01
-1.889999999999979963e+01 1.468507439941167902e+01
-1.879999999999979821e+01 1.424669667720794664e+01
-1.869999999999979678e+01 1.279848474577069339e+01
-1.859999999999979536e+01 1.422854823410511038e+01
-1.849999999999979394e+01 1.598644641101360264e+01
-1.839999999999979252e+01 1.521482967376709006e+01
-1.829999999999979110e+01 1.323188822418451238e+01
-1.819999999999978968e+01 1.250086368918418955e+01
-1.809999999999978826e+01 1.144371884569525655e+01
-1.799999999999978684e+01 1.016380789011716779e+01
-1.789999999999978542e+01 1.020388004153966932e+01
-1.779999999999978400e+01 9.893901127725840183e+00
-1.769999999999978257e+01 1.120201103001832976e+01
-1.759999999999978115e+01 1.219482344463467527e+01
-1.749999999999977973e+01 1.517104037046432552e+01
-1.739999999999977831e+01 1.817435704439878563e+01
-1.729999999999977689e+01 1.983603104621171909e+01
-1.719999999999977547e+01 1.989163535535335470e+01
-1.709999999999977405e+01 1.873835017710923978e+01
-1.699999999999977263e+01 1.812599126696586538e+01
-1.689999999999977121e+01 1.918137020915746760e+01
-1.679999999999976978e+01 1.858664953976869683e+01
-1.669999999999976836e+01 1.629055983066558966e+01
-1.659999999999976694e+01 1.500384476989507654e+01
-1.649999999999976552e+01 1.320248965740203850e+01
-1.639999999999976410e+01 1.084754242867231433e+01
-1.629999999999976268e+01 9.197102030515670990e+00
-1.619999999999976126e+01 7.846393763422965684e+00
-1.609999999999975984e+01 7.881490320861339605e+00
-1.599999999999975842e+01 8.095058085173368667e+00
-1.589999999999975699e+01 8.276527456343174549e+00
-1.579999999999975557e+01 9.239710158258676032e+00
-1.569999999999975415e+01 1.013984611555934023e+01
-1.559999999999975273e+01 1.106760394290089522e+01
-1.549999999999975131e+01 1.211413753062486620e+01
-1.539999999999974989e+01 1.205535865828394826e+01
-1.529999999999974847e+01 1.266628639310598459e+01
-1.519999999999974705e+01 1.331753093332052273e+01
-1.509999999999974563e+01 1.572602421313524168e+01
-1.499999999999974420e+01 1.857835950613021936e+01
-1.489999999999974278e+01 2.230567908197641458e+01
-1.479999999999974136e+01 2.471613830566406378e+01
-1.469999999999973994e+01 2.307581605523824564e+01
-1.459999999999973852e+01 1.900835136145353488e+01
-1.449999999999973710e+01 1.660084103524684807e+01
-1.439999999999973568e+01 1.591548077732324629e+01
-1.429999999999973426e+01 1.572828961908817291e+01
-1.419999999999973284e+01 1.413813193470239682e+01
-1.409999999999973141e+01 1.375053922027349529e+01
-1.399999999999972999e+01 1.521643069863319475e+01
-1.389999999999972857e+01 1.664355645149946383e+01
-1.379999999999972715e+01 1.779408216267824017e+01
-1.369999999999972573e+01 1.921649377048015594e+01
-1.359999999999972431e+01 2.038957976073026757e+01
-1.349999999999972289e+01 2.053153474509716148e+01
-1.339999999999972147e+01 2.071079487472772485e+01
-1.329999999999972005e+01 2.080528437405824604e+01
-1.319999999999971863e+01 2.078493304938077912e+01
-1.309999999999971720e+01 1.977998873651027623e+01
-1.299999999999971578e+01 1.863937521040439549e+01
-1.289999999999971436e+01 1.713513307213783321e+01
-1.279999999999971294e+01 1.709999273419380117e+01
-1.269999999999971152e+01 1.725546300381422071e+01
-1.259999999999971010e+01 1.997562126010656414e+01
-1.249999999999970868e+01 2.180702651500702061e+01
-1.239999999999970726e+01 2.438320937097072516e+01
-1.229999999999970584e+01 2.693766145586967298e+01
-1.219999999999970441e+01 2.972153243243694476e+01
-1.209999999999970299e+01 3.097374915122985684e+01
-1.199999999999970157e+01 3.064060914635658150e+01
-1.189999999999970015e+01 2.936243455886840792e+01
-1.179999999999969873e+01 2.640051499843597327e+01
-1.169999999999969731e+01 2.570559755265712809e+01
-1.159999999999969589e+01 2.815405606806278271e+01
-1.149999999999969447e+01 3.009845607101917153e+01
-1.139999999999969305e+01 3.167198128104210042e+01
-1.129999999999969162e+01 3.234481191992759364e+01
-1.119999999999969020e+01 3.446581456482410744e+01
-1.109999999999968878e+01 3.847851824045181246e+01
-1.099999999999968736e+01 4.076062701225280449e+01
-1.089999999999968594e+01 4.156656879007816485e+01
-1.079999999999968452e+01 4.025951441586017410e+01
-1.069999999999968310e+01 3.842685946762561855e+01
-1.059999999999968168e+01 3.644532909929752407e+01
-1.049999999999968026e+01 3.483384705841541518e+01
-1.039999999999967883e+01 3.384368443965912121e+01
-1.029999999999967741e+01 3.455970545768737878e+01
-1.019999999999967599e+01 3.432392366886139001e+01
-1.009999999999967457e+01 3.400767751395702021e+01
-9.999999999999673150e+00 3.501431533694267273e+01
-9.899999999999671729e+00 3.483490700364112769e+01
-9.799999999999670308e+00 3.338903555750847119e+01
-9.699999999999668887e+00 3.328918875634670371e+01
-9.599999999999667466e+00 3.534594058275222750e+01
-9.499999999999666045e+00 3.713315393209457227e+01
-9.399999999999664624e+00 3.935282251417636701e+01
-9.299999999999663203e+00 3.977761453330516872e+01
-9.199999999999661782e+00 4.048003385365009166e+01
-9.099999999999660361e+00 3.874219880521297199e+01
-8.999999999999658939e+00 3.793756030082702324e+01
-8.899999999999657518e+00 3.749288807094097109e+01
-8.799999999999656097e+00 3.736521707832812922e+01
-8.699999999999654676e+00 3.557707472205161991e+01
-8.599999999999653255e+00 3.680837740898132182e+01
-8.499999999999651834e+00 3.529050385653972910e+01
-8.399999999999650413e+00 3.422692600965499565e+01
-8.299999999999648992e+00 3.281143513083458174e+01
-8.199999999999647571e+00 3.158424575865268835e+01
-8.099999999999646150e+00 2.969680366814136363e+01
-7.999999999999644729e+00 3.033072378695011295e+01
-7.899999999999643308e+00 2.899274837672710348e+01
-7.799999999999641886e+00 2.861071956217288914e+01
-7.699999999999640465e+00 3.050079659640789131e+01
-7.599999999999639044e+00 3.249911516964435521e+01
-7.499999999999637623e+00 3.366837370753287928e+01
-7.399999999999636202e+00 3.317115995883941792e+01
-7.299999999999634781e+00 2.977149003386497483e+01
-7.199999999999633360e+00 2.525507960498332949e+01
-7.099999999999631939e+00 2.184284483373165031e+01
-6.999999999999630518e+00 1.943859784752130437e+01
-6.899999999999629097e+00 1.865000448912381970e+01
-6.799999999999627676e+00 1.913582247644662715e+01
-6.699999999999626255e+00 1.964266192466020655e+01
-6.599999999999624833e+00 2.044098106801509829e+01
-6.499999999999623412e+00 2.103698352992534737e+01
-6.399999999999621991e+00 2.019479542791843585e+01
-6.299999999999620570e+00 1.796277068704366542e+01
-6.199999999999619149e+00 1.652391656070947690e+01
-6.099999999999617728e+00 1.556462926685810011e+01
-5.999999999999616307e+00 1.627826824903488045e+01
-5.899999999999614886e+00 1.856027582347392979e+01
-5.799999999999613465e+00 1.910880234092473984e+01
-5.699999999999612044e+00 1.835258347511291532e+01
-5.599999999999610623e+00 1.577390934586524907e+01
-5.499999999999609201e+00 1.439126599192619338e+01
-5.399999999999607780e+00 1.324804393947124481e+01
-5.299999999999606359e+00 1.119016085803508709e+01
-5.199999999999604938e+00 1.115831893458962476e+01
-5.099999999999603517e+00 1.007284441992640467e+01
-4.999999999999602096e+00 7.893148740828037191e+00
-4.899999999999600675e+00 6.680336896479129649e+00
-4.799999999999599254e+00 4.714746398702263974e+00
-4.699999999999597833e+00 2.723946947846561883e+00
-4.599999999999596412e+00 2.367829126268625295e+00
-4.499999999999594991e+00 1.431863831803202647e+00
-4.399999999999593570e+00 8.826406647192197585e-01
-4.299999999999592148e+00 1.141956598008982748e+00
-4.199999999999590727e+00 1.195759264463558846e+00
-4.099999999999589306e+00 7.202412979607469845e-01
-3.999999999999587885e+00 4.137992762692738191e-01
-3.899999999999586464e+00 2.463410786163876820e-01
-3.799999999999585043e+00 1.191197057366252948e-01
-3.699999999999583622e+00 1.030675382494882775e-01
-3.599999999999582201e+00 1.407073631236562539e-01
-3.499999999999580780e+00 1.859933493880089328e-01
-3.399999999999579359e+00 2.145691867708228451e-01
-3.299999999999577938e+00 1.428559107946057449e-01
-3.199999999999576517e+00 1.010550094810735572e-01
-3.099999999999575095e+00 1.211098602254787743e-01
-2.999999999999573674e+00 8.916616558522946767e-02
-2.899999999999572253e+00 9.049856384728627301e-02
-2.799999999999570832e+00 1.463423201579280297e-01
-2.699999999999569411e+00 2.246819241190678440e-01
-2.599999999999567990e+00 2.818315909134980757e-01
-2.499999999999566569e+00 2.453344790030678180e-01
-2.399999999999565148e+00 3.895854001409315703e-01
-2.299999999999563727e+00 8.598166160460095631e-01
-2.199999999999562306e+00 1.072091433317400533e+00
-2.099999999999560885e+00 1.616595601346343836e+00
-1.999999999999559464e+00 2.319495455659926098e+00
-1.899999999999558042e+00 5.251734846755862662e+00
-1.799999999999556621e+00 8.073760185763239505e+00
-1.699999999999555200e+00 1.310262069717049549e+01
-1.599999999999553779e+00 1.736189988911151971e+01
-1.499999999999552358e+00 1.942978424400091342e+01
-1.399999999999550937e+00 2.135646800041198645e+01
-1.299999999999549516e+00 2.344410217761993565e+01
-1.199999999999548095e+00 2.243526313483715029e+01
-1.099999999999546674e+00 2.131046327888965664e+01
-9.999999999995452526e-01 1.902825439721345901e+01
-8.999999999995438316e-01 1.725799879074096665e+01
-7.999999999995424105e-01 1.666993074208497916e+01
-6.999999999995409894e-01 1.789047471493482533e+01
-5.999999999995395683e-01 1.991214557528495632e+01
-4.999999999995381472e-01 2.387802014112472548e+01
-3.999999999995367261e-01 2.672867736876010980e+01
-2.999999999995353051e-01 2.732096597790718207e+01
-1.999999999995338840e-01 2.670520334422588249e+01
-9.999999999953246288e-02 2.402084856063127560e+01
4.689582056016661227e-13 2.197527563363313519e+01
1.000000000004703793e-01 1.972273578524589510e+01
2.000000000004718004e-01 1.731457394450902854e+01
3.000000000004732215e-01 1.691783695727586689e+01
4.000000000004746425e-01 1.663473628640174695e+01
5.000000000004760636e-01 1.799261260628700398e+01
6.000000000004774847e-01 2.097875138849019905e+01
7.000000000004789058e-01 2.287352590113878392e+01
8.000000000004803269e-01 2.408285534411668749e+01
9.000000000004817480e-01 2.437426936239004149e+01
1.000000000000483169e+00 2.217917282432317805e+01
