-3.300000000000000000e+01 0.000000000000000000e+00
-3.289999999999999858e+01 0.000000000000000000e+00
-3.279999999999999716e+01 0.000000000000000000e+00
-3.269999999999999574e+01 0.000000000000000000e+00
-3.259999999999999432e+01 0.000000000000000000e+00
-3.249999999999999289e+01 0.000000000000000000e+00
-3.239999999999999147e+01 0.000000000000000000e+00
-3.229999999999999005e+01 0.000000000000000000e+00
-3.219999999999998863e+01 0.000000000000000000e+00
-3.209999999999998721e+01 0.000000000000000000e+00
-3.199999999999998579e+01 0.000000000000000000e+00
-3.189999999999998437e+01 0.000000000000000000e+00
-3.179999999999998295e+01 0.000000000000000000e+00
-3.169999999999998153e+01 0.000000000000000000e+00
-3.159999999999998010e+01 0.000000000000000000e+00
-3.149999999999997868e+01 0.000000000000000000e+00
-3.139999999999997726e+01 0.000000000000000000e+00
-3.129999999999997584e+01 0.000000000000000000e+00
-3.119999999999997442e+01 0.000000000000000000e+00
-3.109999999999997300e+01 0.000000000000000000e+00
-3.099999999999997158e+01 0.000000000000000000e+00
-3.089999999999997016e+01 0.000000000000000000e+00
-3.079999999999996874e+01 0.000000000000000000e+00
-3.069999999999996732e+01 0.000000000000000000e+00
-3.059999999999996589e+01 0.000000000000000000e+00
-3.049999999999996447e+01 0.000000000000000000e+00
-3.039999999999996305e+01 0.000000000000000000e+00
-3.029999999999996163e+01 0.000000000000000000e+00
-3.019999999999996021e+01 0.000000000000000000e+00
-3.009999999999995879e+01 0.000000000000000000e+00
-2.999999999999995737e+01 0.000000000000000000e+00
-2.989999999999995595e+01 0.000000000000000000e+00
-2.979999999999995453e+01 0.000000000000000000e+00
-2.969999999999995310e+01 0.000000000000000000e+00
-2.959999999999995168e+01 0.000000000000000000e+00
-2.949999999999995026e+01 0.000000000000000000e+00
-2.939999999999994884e+01 0.000000000000000000e+00
-2.929999999999994742e+01 0.000000000000000000e+00
-2.919999999999994600e+01 0.000000000000000000e+00
-2.909999999999994458e+01 0.000000000000000000e+00
-2.899999999999994316e+01 0.000000000000000000e+00
-2.889999999999994174e+01 0.000000000000000000e+00
-2.879999999999994031e+01 0.000000000000000000e+00
-2.869999999999993889e+01 0.000000000000000000e+00
-2.859999999999993747e+01 0.000000000000000000e+00
-2.849999999999993605e+01 0.000000000000000000e+00
-2.839999999999993463e+01 0.000000000000000000e+00
-2.829999999999993321e+01 0.000000000000000000e+00
-2.819999999999993179e+01 0.000000000000000000e+00
-2.809999999999993037e+01 0.000000000000000000e+00
-2.799999999999992895e+01 0.000000000000000000e+00
-2.789999999999992752e+01 0.000000000000000000e+00
-2.779999999999992610e+01 0.000000000000000000e+00
-2.769999999999992468e+01 0.000000000000000000e+00
-2.759999999999992326e+01 0.000000000000000000e+00
-2.749999999999992184e+01 0.000000000000000000e+00
-2.739999999999992042e+01 0.000000000000000000e+00
-2.729999999999991900e+01 0.000000000000000000e+00
-2.719999999999991758e+01 0.000000000000000000e+00
-2.709999999999991616e+01 0.000000000000000000e+00
-2.699999999999991473e+01 0.000000000000000000e+00
-2.689999999999991331e+01 0.000000000000000000e+00
-2.679999999999991189e+01 0.000000000000000000e+00
-2.669999999999991047e+01 0.000000000000000000e+00
-2.659999999999990905e+01 0.000000000000000000e+00
-2.649999999999990763e+01 0.000000000000000000e+00
-2.639999999999990621e+01 0.000000000000000000e+00
-2.629999999999990479e+01 0.000000000000000000e+00
-2.619999999999990337e+01 0.000000000000000000e+00
-2.609999999999990195e+01 0.000000000000000000e+00
-2.599999999999990052e+01 0.000000000000000000e+00
-2.589999999999989910e+01 0.000000000000000000e+00
-2.579999999999989768e+01 0.000000000000000000e+00
-2.569999999999989626e+01 0.000000000000000000e+00
-2.559999999999989484e+01 0.000000000000000000e+00
-2.549999999999989342e+01 0.000000000000000000e+00
-2.539999999999989200e+01 0.000000000000000000e+00
-2.529999999999989058e+01 0.000000000000000000e+00
-2.519999999999988916e+01 0.000000000000000000e+00
-2.509999999999988773e+01 0.000000000000000000e+00
-2.499999999999988631e+01 0.000000000000000000e+00
-2.489999999999988489e+01 0.000000000000000000e+00
-2.479999999999988347e+01 0.000000000000000000e+00
-2.469999999999988205e+01 0.000000000000000000e+00
-2.459999999999988063e+01 0.000000000000000000e+00
-2.449999999999987921e+01 0.000000000000000000e+00
-2.439999999999987779e+01 0.000000000000000000e+00
-2.429999999999987637e+01 0.000000000000000000e+00
-2.419999999999987494e+01 0.000000000000000000e+00
-2.409999999999987352e+01 0.000000000000000000e+00
-2.399999999999987210e+01 0.000000000000000000e+00
-2.389999999999987068e+01 0.000000000000000000e+00
-2.379999999999986926e+01 0.000000000000000000e+00
-2.369999999999986784e+01 0.000000000000000000e+00
-2.359999999999986642e+01 0.000000000000000000e+00
-2.349999999999986500e+01 0.000000000000000000e+00
-2.339999999999986358e+01 0.000000000000000000e+00
-2.329999999999986215e+01 0.000000000000000000e+00
-2.319999999999986073e+01 0.000000000000000000e+00
-2.309999999999985931e+01 0.000000000000000000e+00
-2.299999999999985789e+01 0.000000000000000000e+00
-2.289999999999985647e+01 0.000000000000000000e+00
-2.279999999999985505e+01 0.000000000000000000e+00
-2.269999999999985363e+01 0.000000000000000000e+00
-2.259999999999985221e+01 0.000000000000000000e+00
-2.249999999999985079e+01 0.000000000000000000e+00
-2.239999999999984936e+01 0.000000000000000000e+00
-2.229999999999984794e+01 0.000000000000000000e+00
-2.219999999999984652e+01 0.000000000000000000e+00
-2.209999999999984510e+01 0.000000000000000000e+00
-2.199999999999984368e+01 0.000000000000000000e+00
-2.189999999999984226e+01 0.000000000000000000e+00
-2.179999999999984084e+01 5.114812047395389798e-06
-2.169999999999983942e+01 4.416663921438157472e-04
-2.159999999999983800e+01 1.859839377872504057e-02
-2.149999999999983658e+01 1.812389286927645893e-01
-2.139999999999983515e+01 8.891829046234488443e-01
-2.129999999999983373e+01 1.917670821845531393e+00
-2.119999999999983231e+01 3.005660038739442985e+00
-2.109999999999983089e+01 3.483978522419929558e+00
-2.099999999999982947e+01 3.434753552377224128e+00
-2.089999999999982805e+01 2.775903327614068772e+00
-2.079999999999982663e+01 1.865401555150747237e+00
-2.069999999999982521e+01 9.781499445065855447e-01
-2.059999999999982379e+01 4.949417598359286963e-01
-2.049999999999982236e+01 6.295249641720147837e-02
-2.039999999999982094e+01 3.483680646548236587e-02
-2.029999999999981952e+01 1.082849744036138914e-02
-2.019999999999981810e+01 1.195945224190836549e-02
-2.009999999999981668e+01 1.429001621821953533e-02
-1.999999999999981526e+01 1.683682758499344470e-02
-1.989999999999981384e+01 1.400020545224833768e-02
-1.979999999999981242e+01 7.303739839881018096e-03
-1.969999999999981100e+01 2.679902507807128010e-03
-1.959999999999980957e+01 1.962614358053542656e-03
-1.949999999999980815e+01 1.049612495116889442e-03
-1.939999999999980673e+01 7.623086275998502970e-05
-1.929999999999980531e+01 1.385396637488156449e-04
-1.919999999999980389e+01 3.433079912792891199e-04
-1.909999999999980247e+01 1.002444749756250478e-03
-1.899999999999980105e+01 1.882733874517725746e-03
-1.889999999999979963e+01 1.685614493471803126e-03
-1.879999999999979821e+01 1.894857713486999308e-03
-1.869999999999979678e+01 2.346823455809499137e-03
-1.859999999999979536e+01 9.099174078971402138e-03
-1.849999999999979394e+01 1.712387212984594828e-02
-1.839999999999979252e+01 1.152023812668630937e-02
-1.829999999999979110e+01 6.251701889414107600e-03
-1.819999999999978968e+01 1.616672687701793676e-02
-1.809999999999978826e+01 3.035157530652156724e-02
-1.799999999999978684e+01 1.492451448517385926e-02
-1.789999999999978542e+01 1.643777647172100786e-01
-1.779999999999978400e+01 3.662537496513686985e-01
-1.769999999999978257e+01 1.431231158226728528e+00
-1.759999999999978115e+01 2.845719338655471997e+00
-1.749999999999977973e+01 4.835971061289310313e+00
-1.739999999999977831e+01 6.478127438724040843e+00
-1.729999999999977689e+01 7.106619255542755198e+00
-1.719999999999977547e+01 6.554237030446529388e+00
-1.709999999999977405e+01 4.927755272686481725e+00
-1.699999999999977263e+01 2.968682651370763814e+00
-1.689999999999977121e+01 1.555713133364915901e+00
-1.679999999999976978e+01 7.868738072738051814e-01
-1.669999999999976836e+01 1.705793351621832654e-01
-1.659999999999976694e+01 7.970194432302378507e-02
-1.649999999999976552e+01 2.394419913816818717e-03
-1.639999999999976410e+01 2.481479320122161828e-03
-1.629999999999976268e+01 2.014160878024995240e-03
-1.619999999999976126e+01 1.978430794551968696e-03
-1.609999999999975984e+01 2.388880982762202690e-03
-1.599999999999975842e+01 2.660490961279720051e-03
-1.589999999999975699e+01 1.314748087606858531e-03
-1.579999999999975557e+01 5.917060934734763578e-04
-1.569999999999975415e+01 9.675666409748373336e-04
-1.559999999999975273e+01 3.828655189863638952e-03
-1.549999999999975131e+01 6.839793918479699676e-03
-1.539999999999974989e+01 3.541671051571029273e-03
-1.529999999999974847e+01 4.003577376715838671e-04
-1.519999999999974705e+01 4.598556493874639218e-05
-1.509999999999974563e+01 0.000000000000000000e+00
-1.499999999999974420e+01 8.236834569834172205e-04
-1.489999999999974278e+01 1.482110434110012372e-02
-1.479999999999974136e+01 3.096853661064869964e-02
-1.469999999999973994e+01 2.676619848699374540e-02
-1.459999999999973852e+01 2.749747325457065072e-02
-1.449999999999973710e+01 2.301230939083325280e-02
-1.439999999999973568e+01 1.829617364117439027e-02
-1.429999999999973426e+01 2.009350096523121465e-02
-1.419999999999973284e+01 8.591221329465043022e-02
-1.409999999999973141e+01 2.737802313797874643e-01
-1.399999999999972999e+01 4.763942338177002966e-01
-1.389999999999972857e+01 1.013966227807104659e+00
-1.379999999999972715e+01 1.965348723083734539e+00
-1.369999999999972573e+01 2.778029842823743767e+00
-1.359999999999972431e+01 3.389384905546903415e+00
-1.349999999999972289e+01 3.391117291897535413e+00
-1.339999999999972147e+01 2.978779523819684805e+00
-1.329999999999972005e+01 2.599438590407371574e+00
-1.319999999999971863e+01 2.538926740586757713e+00
-1.309999999999971720e+01 2.903964039981365097e+00
-1.299999999999971578e+01 3.472066154032945828e+00
-1.289999999999971436e+01 4.234284535944461858e+00
-1.279999999999971294e+01 4.797957883179187810e+00
-1.269999999999971152e+01 5.133012223541737029e+00
-1.259999999999971010e+01 5.019017704725265538e+00
-1.249999999999970868e+01 4.509656406044959986e+00
-1.239999999999970726e+01 3.553909385204315097e+00
-1.229999999999970584e+01 2.416654783487319769e+00
-1.219999999999970441e+01 1.304810181669890934e+00
-1.209999999999970299e+01 5.194621677743270771e-01
-1.199999999999970157e+01 2.102994551300071124e-01
-1.189999999999970015e+01 1.780103354979129318e-02
-1.179999999999969873e+01 1.324055594363016987e-02
-1.169999999999969731e+01 1.368513301926896006e-02
-1.159999999999969589e+01 2.072578327053634095e-02
-1.149999999999969447e+01 2.554678578006132697e-02
-1.139999999999969305e+01 2.647831291884358493e-02
-1.129999999999969162e+01 1.041842297776020138e-01
-1.119999999999969020e+01 1.794247326510958473e-01
-1.109999999999968878e+01 2.901094874972477422e-01
-1.099999999999968736e+01 4.672102684248238824e-01
-1.089999999999968594e+01 8.412473787739872533e-01
-1.079999999999968452e+01 1.691606604233384159e+00
-1.069999999999968310e+01 2.648172250539064354e+00
-1.059999999999968168e+01 3.311162035167217077e+00
-1.049999999999968026e+01 3.526793818324804430e+00
-1.039999999999967883e+01 2.949787905663251664e+00
-1.029999999999967741e+01 1.989326581954956152e+00
-1.019999999999967599e+01 1.086406524125486550e+00
-1.009999999999967457e+01 6.570088356547058028e-01
-9.999999999999673150e+00 5.868031745683401912e-01
-9.899999999999671729e+00 1.404702685624360958e+00
-9.799999999999670308e+00 2.175005228519439893e+00
-9.699999999999668887e+00 3.128712752908468175e+00
-9.599999999999667466e+00 3.785407411009073186e+00
-9.499999999999666045e+00 3.957326526641845810e+00
-9.399999999999664624e+00 3.771428949087858307e+00
-9.299999999999663203e+00 3.673626395165920044e+00
-9.199999999999661782e+00 3.824496866315603150e+00
-9.099999999999660361e+00 4.425380026102065933e+00
-8.999999999999658939e+00 5.095706868767738484e+00
-8.899999999999657518e+00 5.730025895237922384e+00
-8.799999999999656097e+00 6.535808146297931387e+00
-8.699999999999654676e+00 6.982782068848609747e+00
-8.599999999999653255e+00 7.097488393783569549e+00
-8.499999999999651834e+00 6.256048590540886245e+00
-8.399999999999650413e+00 4.899356170892715134e+00
-8.299999999999648992e+00 3.289336430430412239e+00
-8.199999999999647571e+00 1.818122193664312380e+00
-8.099999999999646150e+00 7.697200956009327966e-01
-7.999999999999644729e+00 3.914464902924373879e-01
-7.899999999999643308e+00 8.761369636264135230e-02
-7.799999999999641886e+00 2.174803924816660627e-01
-7.699999999999640465e+00 3.294286816124804562e-01
-7.599999999999639044e+00 1.324135671779513412e+00
-7.499999999999637623e+00 2.192047391533851641e+00
-7.399999999999636202e+00 3.226799132376909185e+00
-7.299999999999634781e+00 3.809057999849319476e+00
-7.199999999999633360e+00 3.376510069519281565e+00
-7.099999999999631939e+00 2.431251239180564738e+00
-6.999999999999630518e+00 1.561115845441818140e+00
-6.899999999999629097e+00 4.539708586502820276e-01
-6.799999999999627676e+00 2.365279284887947253e-01
-6.699999999999626255e+00 2.891147669288329848e-05
-6.599999999999624833e+00 8.653272991068661105e-05
-6.499999999999623412e+00 2.831810124916955964e-05
-6.399999999999621991e+00 8.277544705197214820e-04
-6.299999999999620570e+00 2.279478731661583896e-03
-6.199999999999619149e+00 3.638659510725119565e-03
-6.099999999999617728e+00 8.265552887842204932e-03
-5.999999999999616307e+00 1.607641685928683575e-02
-5.899999999999614886e+00 2.806919336318969838e-01
-5.799999999999613465e+00 5.914930178783833759e-01
-5.699999999999612044e+00 1.488195381462573907e+00
-5.599999999999610623e+00 2.569323139935731692e+00
-5.499999999999609201e+00 3.556902587562799312e+00
-5.399999999999607780e+00 3.818926524817943591e+00
-5.299999999999606359e+00 3.437883556336164492e+00
-5.199999999999604938e+00 2.349750349074602340e+00
-5.099999999999603517e+00 1.347941803187131971e+00
-4.999999999999602096e+00 5.626003467291593729e-01
-4.899999999999600675e+00 2.800968759693205357e-01
-4.799999999999599254e+00 3.508693028707057359e-03
-4.699999999999597833e+00 1.637242244105436943e-03
-4.599999999999596412e+00 0.000000000000000000e+00
-4.499999999999594991e+00 5.074275725928601355e-04
-4.399999999999593570e+00 1.047487274045124641e-03
-4.299999999999592148e+00 5.114673363277688449e-04
-4.199999999999590727e+00 0.000000000000000000e+00
-4.099999999999589306e+00 0.000000000000000000e+00
-3.999999999999587885e+00 0.000000000000000000e+00
-3.899999999999586464e+00 0.000000000000000000e+00
-3.799999999999585043e+00 0.000000000000000000e+00
-3.699999999999583622e+00 0.000000000000000000e+00
-3.599999999999582201e+00 0.000000000000000000e+00
-3.499999999999580780e+00 0.000000000000000000e+00
-3.399999999999579359e+00 3.461390548727649643e-03
-3.299999999999577938e+00 7.211808792380907523e-03
-3.199999999999576517e+00 4.156569241713441512e-03
-3.099999999999575095e+00 1.440049764164541644e-03
-2.999999999999573674e+00 5.872514663496985554e-04
-2.899999999999572253e+00 0.000000000000000000e+00
-2.799999999999570832e+00 2.261872845701873281e-04
-2.699999999999569411e+00 5.177089804783463782e-04
-2.599999999999567990e+00 2.361329807899892449e-04
-2.499999999999566569e+00 9.532196214422584068e-05
-2.399999999999565148e+00 2.911772613879293073e-04
-2.299999999999563727e+00 2.109533100156113516e-04
-2.199999999999562306e+00 9.522371523169567697e-02
-2.099999999999560885e+00 1.992351407583919376e-01
-1.999999999999559464e+00 9.997036420181393268e-01
-1.899999999999558042e+00 1.718367523327469781e+00
-1.799999999999556621e+00 2.890514561682939743e+00
-1.699999999999555200e+00 3.657078718990087296e+00
-1.599999999999553779e+00 3.604090676307678098e+00
-1.499999999999552358e+00 3.026446871459484100e+00
-1.399999999999550937e+00 2.138363041877746618e+00
-1.299999999999549516e+00 9.534697424992919501e-01
-1.199999999999548095e+00 5.942814551480114504e-01
-1.099999999999546674e+00 9.941936992603586654e-02
-9.999999999995452526e-01 6.563833734393119679e-01
-8.999999999995438316e-01 1.231130235865712130e+00
-7.999999999995424105e-01 2.268573765158653277e+00
-6.999999999995409894e-01 3.285899142026901032e+00
-5.999999999995395683e-01 3.822407662570476372e+00
-4.999999999995381472e-01 3.356051899641752101e+00
-3.999999999995367261e-01 2.830094108581542756e+00
-2.999999999995353051e-01 2.253876641541719295e+00
-1.999999999995338840e-01 2.965220898687839668e+00
-9.999999999953246288e-02 5.054392797052860153e+00
4.689582056016661227e-13 8.277944491505623503e+00
1.000000000004703793e-01 1.242169972956180501e+01
2.000000000004718004e-01 1.637221476078033433e+01
3.000000000004732215e-01 1.917255858540535129e+01
4.000000000004746425e-01 2.033771893143653742e+01
5.000000000004760636e-01 1.974364014029502812e+01
6.000000000004774847e-01 1.818929538130760193e+01
7.000000000004789058e-01 1.643901576876640291e+01
8.000000000004803269e-01 1.563492661476135304e+01
9.000000000004817480e-01 1.653139285683631954e+01
1.000000000000483169e+00 1.835862200975418190e+01
