-3.300000000000000000e+01 0.000000000000000000e+00
-3.289999999999999858e+01 1.778238778933882692e-04
-3.279999999999999716e+01 2.378877402807120286e-03
-3.269999999999999574e+01 8.658032608218490947e-04
-3.259999999999999432e+01 1.479964982718229283e-04
-3.249999999999999289e+01 3.893137392878997963e-04
-3.239999999999999147e+01 1.455166598316282131e-04
-3.229999999999999005e+01 3.559213122607616207e-03
-3.219999999999998863e+01 7.287367202479799744e-04
-3.209999999999998721e+01 0.000000000000000000e+00
-3.199999999999998579e+01 0.000000000000000000e+00
-3.189999999999998437e+01 0.000000000000000000e+00
-3.179999999999998295e+01 4.656009482947354216e-04
-3.169999999999998153e+01 1.303123780489840941e-03
-3.159999999999998010e+01 4.575575430453682050e-04
-3.149999999999997868e+01 5.937123432886437778e-08
-3.139999999999997726e+01 3.926591801428003172e-04
-3.129999999999997584e+01 1.839668778120540093e-04
-3.119999999999997442e+01 2.459951589116826803e-05
-3.109999999999997300e+01 5.984109156997874040e-06
-3.099999999999997158e+01 1.441478740889579123e-04
-3.089999999999997016e+01 3.551364858867600625e-04
-3.079999999999996874e+01 1.419751538196578524e-04
-3.069999999999996732e+01 0.000000000000000000e+00
-3.059999999999996589e+01 1.792682684026658481e-04
-3.049999999999996447e+01 6.883527967147529667e-05
-3.039999999999996305e+01 1.841565288486890535e-05
-3.029999999999996163e+01 0.000000000000000000e+00
-3.019999999999996021e+01 7.635220815427601598e-04
-3.009999999999995879e+01 3.438612846366595585e-04
-2.999999999999995737e+01 3.335203685963960998e-04
-2.989999999999995595e+01 2.063428427282360672e-02
-2.979999999999995453e+01 9.238077985646669238e-03
-2.969999999999995310e+01 1.507413498084133599e-03
-2.959999999999995168e+01 2.863399671969091352e-04
-2.949999999999995026e+01 0.000000000000000000e+00
-2.939999999999994884e+01 3.624184229469392532e-02
-2.929999999999994742e+01 8.796362404245883226e-02
-2.919999999999994600e+01 3.579205930698663163e-02
-2.909999999999994458e+01 1.370931968267541413e-05
-2.899999999999994316e+01 3.605904959840700057e-05
-2.889999999999994174e+01 4.661983439291361719e-06
-2.879999999999994031e+01 8.896412644389783530e-04
-2.869999999999993889e+01 2.076922738342546100e-03
-2.859999999999993747e+01 8.865070684987585601e-04
-2.849999999999993605e+01 0.000000000000000000e+00
-2.839999999999993463e+01 7.899433895181572941e-04
-2.829999999999993321e+01 2.233008341900131338e-03
-2.819999999999993179e+01 5.618202361984003411e-04
-2.809999999999993037e+01 2.257040748372673978e-04
-2.799999999999992895e+01 2.884773735422641061e-04
-2.789999999999992752e+01 4.803195601562038042e-04
-2.779999999999992610e+01 1.884091738611459710e-04
-2.769999999999992468e+01 1.034207618795335244e-04
-2.759999999999992326e+01 3.089518379420042125e-04
-2.749999999999992184e+01 8.487570733996108304e-04
-2.739999999999992042e+01 3.275366818998008776e-03
-2.729999999999991900e+01 1.316832532756961795e-03
-2.719999999999991758e+01 4.984999867156148260e-04
-2.709999999999991616e+01 1.523379050195217176e-03
-2.699999999999991473e+01 5.308454157784581618e-04
-2.689999999999991331e+01 2.515418361872434529e-04
-2.679999999999991189e+01 1.128158066421747235e-04
-2.669999999999991047e+01 0.000000000000000000e+00
-2.659999999999990905e+01 0.000000000000000000e+00
-2.649999999999990763e+01 0.000000000000000000e+00
-2.639999999999990621e+01 1.857244310231180888e-03
-2.629999999999990479e+01 4.473347252060193811e-03
-2.619999999999990337e+01 3.730228794738650253e-03
-2.609999999999990195e+01 5.622496432424668386e-03
-2.599999999999990052e+01 3.649433041377960624e-03
-2.589999999999989910e+01 1.583402002870570782e-03
-2.579999999999989768e+01 1.985918122700240738e-03
-2.569999999999989626e+01 8.211724265129305552e-04
-2.559999999999989484e+01 4.532059463672339847e-03
-2.549999999999989342e+01 1.329862872182275245e-02
-2.539999999999989200e+01 1.222921064909314806e-02
-2.529999999999989058e+01 1.560628379500485566e-02
-2.519999999999988916e+01 6.826107720276013840e-03
-2.509999999999988773e+01 4.307380136742722265e-04
-2.499999999999988631e+01 4.341217362525640012e-04
-2.489999999999988489e+01 9.268438895014696624e-04
-2.479999999999988347e+01 9.703080498184135216e-04
-2.469999999999988205e+01 3.371431652664114305e-04
-2.459999999999988063e+01 2.335957728791981838e-04
-2.449999999999987921e+01 6.303487170953304118e-05
-2.439999999999987779e+01 0.000000000000000000e+00
-2.429999999999987637e+01 0.000000000000000000e+00
-2.419999999999987494e+01 4.318594808864872740e-05
-2.409999999999987352e+01 2.358258395802295248e-03
-2.399999999999987210e+01 9.989477653289213603e-04
-2.389999999999987068e+01 0.000000000000000000e+00
-2.379999999999986926e+01 1.098386711330476750e-03
-2.369999999999986784e+01 2.796595640480518258e-02
-2.359999999999986642e+01 1.746674726810306388e-01
-2.349999999999986500e+01 3.452455666847527027e-01
-2.339999999999986358e+01 5.936862718686461982e-01
-2.329999999999986215e+01 9.215345958620310141e-01
-2.319999999999986073e+01 1.351996521726250622e+00
-2.309999999999985931e+01 1.707373743206262562e+00
-2.299999999999985789e+01 2.217222778201103139e+00
-2.289999999999985647e+01 2.634021326154470266e+00
-2.279999999999985505e+01 2.579853479415178175e+00
-2.269999999999985363e+01 2.451882857233286028e+00
-2.259999999999985221e+01 2.184055195748805911e+00
-2.249999999999985079e+01 2.046118788421154022e+00
-2.239999999999984936e+01 1.750331105589866709e+00
-2.229999999999984794e+01 1.752482542991638192e+00
-2.219999999999984652e+01 1.640382531434297464e+00
-2.209999999999984510e+01 1.721414072066545398e+00
-2.199999999999984368e+01 1.655098094344139126e+00
-2.189999999999984226e+01 1.801069384664297113e+00
-2.179999999999984084e+01 1.774041527509689242e+00
-2.169999999999983942e+01 1.733236584216356180e+00
-2.159999999999983800e+01 1.673352656364440971e+00
-2.149999999999983658e+01 1.527547816559672311e+00
-2.139999999999983515e+01 1.195214331820607212e+00
-2.129999999999983373e+01 9.683915568888187275e-01
-2.119999999999983231e+01 7.828772023692727178e-01
-2.109999999999983089e+01 5.514551158994436264e-01
-2.099999999999982947e+01 4.040179789904504992e-01
-2.089999999999982805e+01 1.968586628089542545e-01
-2.079999999999982663e+01 7.354046373831807371e-02
-2.069999999999982521e+01 2.796347856492502598e-03
-2.059999999999982379e+01 3.033388214062142721e-03
-2.049999999999982236e+01 3.803546809704130231e-03
-2.039999999999982094e+01 2.340099180983088323e-03
-2.029999999999981952e+01 4.421520589894498664e-03
-2.019999999999981810e+01 8.973960668809012955e-03
-2.009999999999981668e+01 5.306123278323297832e-03
-1.999999999999981526e+01 4.224191278035504746e-03
-1.989999999999981384e+01 1.322820273179104410e-02
-1.979999999999981242e+01 2.344399269401037725e-02
-1.969999999999981100e+01 1.888743998715653946e-02
-1.959999999999980957e+01 1.227179681182121763e-02
-1.949999999999980815e+01 1.414518798440070682e-02
-1.939999999999980673e+01 2.199616867872464243e-02
-1.929999999999980531e+01 3.710503454160061360e-02
-1.919999999999980389e+01 1.148874738800805123e-01
-1.909999999999980247e+01 2.330929811485111802e-01
-1.899999999999980105e+01 6.240810553729534416e-01
-1.889999999999979963e+01 1.046962170749902832e+00
-1.879999999999979821e+01 1.373188704773783630e+00
-1.869999999999979678e+01 1.666934481561183956e+00
-1.859999999999979536e+01 1.805243461132049587e+00
-1.849999999999979394e+01 1.826862973719835193e+00
-1.839999999999979252e+01 1.714984366446733466e+00
-1.829999999999979110e+01 1.533059996813535664e+00
-1.819999999999978968e+01 1.467705895453691456e+00
-1.809999999999978826e+01 1.400253594517707922e+00
-1.799999999999978684e+01 1.224889960438013015e+00
-1.789999999999978542e+01 1.103670420125126839e+00
-1.779999999999978400e+01 8.723231884092093047e-01
-1.769999999999978257e+01 7.825977255776525032e-01
-1.759999999999978115e+01 8.167181792110205230e-01
-1.749999999999977973e+01 8.498667635768651918e-01
-1.739999999999977831e+01 9.055496185272932097e-01
-1.729999999999977689e+01 1.133767754361033386e+00
-1.719999999999977547e+01 1.274942618608474687e+00
-1.709999999999977405e+01 1.275236256793141454e+00
-1.699999999999977263e+01 1.488465037196874619e+00
-1.689999999999977121e+01 1.497234704643487957e+00
-1.679999999999976978e+01 1.553789349943399456e+00
-1.669999999999976836e+01 1.671829118728637598e+00
-1.659999999999976694e+01 1.809940081536769885e+00
-1.649999999999976552e+01 1.693484501838684153e+00
-1.639999999999976410e+01 1.534463101252913519e+00
-1.629999999999976268e+01 1.188126054704189194e+00
-1.619999999999976126e+01 8.282358908280730292e-01
-1.609999999999975984e+01 3.794514664029702278e-01
-1.599999999999975842e+01 2.049954239709768367e-01
-1.589999999999975699e+01 9.809970830290694332e-02
-1.579999999999975557e+01 9.828054289886495321e-02
-1.569999999999975415e+01 1.940551954018883418e-01
-1.559999999999975273e+01 5.781423581577836979e-01
-1.549999999999975131e+01 1.002042266875505350e+00
-1.539999999999974989e+01 1.468150843754410850e+00
-1.529999999999974847e+01 1.992816388607025146e+00
-1.519999999999974705e+01 2.249111067652702189e+00
-1.509999999999974563e+01 2.288413186669349564e+00
-1.499999999999974420e+01 2.275158572047948802e+00
-1.489999999999974278e+01 2.005150976032018750e+00
-1.479999999999974136e+01 1.685935204625129691e+00
-1.469999999999973994e+01 1.495405558794736800e+00
-1.459999999999973852e+01 1.179302431270480067e+00
-1.449999999999973710e+01 1.012148260474204919e+00
-1.439999999999973568e+01 1.087129990160465187e+00
-1.429999999999973426e+01 1.252442751377820906e+00
-1.419999999999973284e+01 1.857629527151584581e+00
-1.409999999999973141e+01 2.371937702447175944e+00
-1.399999999999972999e+01 2.791718676388263543e+00
-1.389999999999972857e+01 2.990404202342033191e+00
-1.379999999999972715e+01 2.725117235183715625e+00
-1.369999999999972573e+01 2.134323576539754796e+00
-1.359999999999972431e+01 1.386981953904032672e+00
-1.349999999999972289e+01 7.188018998131155968e-01
-1.339999999999972147e+01 3.286471925396472482e-01
-1.329999999999972005e+01 1.006411547202151202e-01
-1.319999999999971863e+01 1.808280281115003107e-02
-1.309999999999971720e+01 4.233041735929873872e-02
-1.299999999999971578e+01 1.615652388315356736e-01
-1.289999999999971436e+01 4.294360544253140732e-01
-1.279999999999971294e+01 8.514593342319131120e-01
-1.269999999999971152e+01 1.485119760632515051e+00
-1.259999999999971010e+01 2.205225308239460169e+00
-1.249999999999970868e+01 2.775853891521692152e+00
-1.239999999999970726e+01 3.261477995216846448e+00
-1.229999999999970584e+01 3.359685833752155126e+00
-1.219999999999970441e+01 3.334701097011566251e+00
-1.209999999999970299e+01 3.217517662346363050e+00
-1.199999999999970157e+01 3.173448104560375072e+00
-1.189999999999970015e+01 3.116461280286312086e+00
-1.179999999999969873e+01 3.143270085453987228e+00
-1.169999999999969731e+01 3.018446802198886836e+00
-1.159999999999969589e+01 3.051436259150504871e+00
-1.149999999999969447e+01 3.088085091412067218e+00
-1.139999999999969305e+01 3.234377309381961663e+00
-1.129999999999969162e+01 3.395434186756610906e+00
-1.119999999999969020e+01 3.678263860344886726e+00
-1.109999999999968878e+01 3.769823843836784150e+00
-1.099999999999968736e+01 3.867612361907958984e+00
-1.089999999999968594e+01 3.882854738831519992e+00
-1.079999999999968452e+01 3.808249593973159985e+00
-1.069999999999968310e+01 3.565212880969047760e+00
-1.059999999999968168e+01 3.109435802400112081e+00
-1.049999999999968026e+01 2.744988616704940654e+00
-1.039999999999967883e+01 2.662416037023067616e+00
-1.029999999999967741e+01 2.790964455306530034e+00
-1.019999999999967599e+01 3.189712293148040612e+00
-1.009999999999967457e+01 3.688900997042655838e+00
-9.999999999999673150e+00 3.995722185373306257e+00
-9.899999999999671729e+00 4.060032405853271520e+00
-9.799999999999670308e+00 4.142778961658478032e+00
-9.699999999999668887e+00 4.075286678373813309e+00
-9.599999999999667466e+00 3.913058359622955340e+00
-9.499999999999666045e+00 3.694429123699665141e+00
-9.399999999999664624e+00 3.498325484097003724e+00
-9.299999999999663203e+00 3.210354769527912211e+00
-9.199999999999661782e+00 3.429023546576499992e+00
-9.099999999999660361e+00 3.749069444239139681e+00
-8.999999999999658939e+00 4.263524635434150944e+00
-8.899999999999657518e+00 4.587605127990245890e+00
-8.799999999999656097e+00 4.685704865455627477e+00
-8.699999999999654676e+00 4.566862849295139526e+00
-8.599999999999653255e+00 4.349022180140018179e+00
-8.499999999999651834e+00 4.125695867836475017e+00
-8.399999999999650413e+00 3.981014131307601733e+00
-8.299999999999648992e+00 4.188729820847511220e+00
-8.199999999999647571e+00 4.328700689077376929e+00
-8.099999999999646150e+00 4.740216426551342010e+00
-7.999999999999644729e+00 5.090261045694351338e+00
-7.899999999999643308e+00 5.112656128406524836e+00
-7.799999999999641886e+00 5.070282292664050949e+00
-7.699999999999640465e+00 4.654574560225009705e+00
-7.599999999999639044e+00 3.854985975623130834e+00
-7.499999999999637623e+00 2.757119746506214053e+00
-7.399999999999636202e+00 1.765158655419945655e+00
-7.299999999999634781e+00 9.122876135632396188e-01
-7.199999999999633360e+00 4.307095552794635296e-01
-7.099999999999631939e+00 5.527640597156278229e-02
-6.999999999999630518e+00 3.088287889415369109e-02
-6.899999999999629097e+00 2.066291718283139178e-02
-6.799999999999627676e+00 1.689318041198930448e-02
-6.699999999999626255e+00 1.305560943583259324e-02
-6.599999999999624833e+00 1.301850192605343189e-02
-6.499999999999623412e+00 1.267313312455343143e-02
-6.399999999999621991e+00 2.833994095868661023e-02
-6.299999999999620570e+00 5.614258310422883674e-02
-6.199999999999619149e+00 7.741664778775884936e-02
-6.099999999999617728e+00 9.960249963216483149e-02
-5.999999999999616307e+00 7.591541198780760169e-02
-5.899999999999614886e+00 9.000937932083616366e-02
-5.799999999999613465e+00 1.537575414041202626e-01
-5.699999999999612044e+00 3.540582518186420335e-01
-5.599999999999610623e+00 5.771154228039085954e-01
-5.499999999999609201e+00 1.064970610588789057e+00
-5.399999999999607780e+00 1.712055236622691101e+00
-5.299999999999606359e+00 2.673098842352628512e+00
-5.199999999999604938e+00 3.515246961414813853e+00
-5.099999999999603517e+00 4.116627447903156600e+00
-4.999999999999602096e+00 4.325634073913096955e+00
-4.899999999999600675e+00 4.114089603424072372e+00
-4.799999999999599254e+00 3.820536914169788467e+00
-4.699999999999597833e+00 3.380840485990047384e+00
-4.599999999999596412e+00 2.835738558322191238e+00
-4.499999999999594991e+00 2.371009013056755155e+00
-4.399999999999593570e+00 1.929173018932342609e+00
-4.299999999999592148e+00 1.433753508031368362e+00
-4.199999999999590727e+00 7.645602012053132057e-01
-4.099999999999589306e+00 2.699416992114856972e-01
-3.999999999999587885e+00 1.487327139162516673e-02
-3.899999999999586464e+00 1.211992159369401695e-05
-3.799999999999585043e+00 3.812543953731051109e-04
-3.699999999999583622e+00 1.328152359832017676e-03
-3.599999999999582201e+00 1.123136368696577882e-03
-3.499999999999580780e+00 5.704596093346481081e-04
-3.399999999999579359e+00 1.644945825682953087e-04
-3.299999999999577938e+00 3.276983363321050758e-05
-3.199999999999576517e+00 0.000000000000000000e+00
-3.099999999999575095e+00 0.000000000000000000e+00
-2.999999999999573674e+00 0.000000000000000000e+00
-2.899999999999572253e+00 1.383959213853813748e-05
-2.799999999999570832e+00 2.284582844004034964e-04
-2.699999999999569411e+00 9.876881609670818340e-05
-2.599999999999567990e+00 2.292316930834203891e-05
-2.499999999999566569e+00 1.250115229049697442e-04
-2.399999999999565148e+00 5.039256746363207770e-04
-2.299999999999563727e+00 1.514288334165030418e-03
-2.199999999999562306e+00 1.263000096714677082e-03
-2.099999999999560885e+00 8.937575463642133270e-04
-1.999999999999559464e+00 4.921007836026092134e-04
-1.899999999999558042e+00 5.734165425928949714e-04
-1.799999999999556621e+00 1.505328320490662009e-03
-1.699999999999555200e+00 3.962343013517966375e-03
-1.599999999999553779e+00 6.028456885375134931e-03
-1.499999999999552358e+00 1.627640625305502853e-02
-1.399999999999550937e+00 2.194239967961039012e-02
-1.299999999999549516e+00 2.485752313063130728e-02
-1.199999999999548095e+00 2.089148374646901951e-01
-1.099999999999546674e+00 4.264269234426319444e-01
-9.999999999995452526e-01 8.833021552115678521e-01
-8.999999999995438316e-01 1.515548269897699418e+00
-7.999999999995424105e-01 2.422445448338985230e+00
-6.999999999995409894e-01 3.564538659453392100e+00
-5.999999999995395683e-01 4.485095753073692570e+00
-4.999999999995381472e-01 5.228002762198448394e+00
-3.999999999995367261e-01 5.793737817406654500e+00
-2.999999999995353051e-01 5.784998762011528406e+00
-1.999999999995338840e-01 5.885002081990242218e+00
-9.999999999953246288e-02 5.750150091648102091e+00
4.689582056016661227e-13 6.055709483027458262e+00
1.000000000004703793e-01 6.808396094441413915e+00
2.000000000004718004e-01 7.688094851374626337e+00
3.000000000004732215e-01 8.710283537507057972e+00
4.000000000004746425e-01 9.050207417607307292e+00
5.000000000004760636e-01 8.368610401153564027e+00
6.000000000004774847e-01 8.464772733449935416e+00
7.000000000004789058e-01 8.846684632301331064e+00
8.000000000004803269e-01 1.017566125273704536e+01
9.000000000004817480e-01 1.160002455353736828e+01
1.000000000000483169e+00 1.142489889979362516e+01
