9.287035465240478516e-01
9.215079545974731445e-01
9.239128232002258301e-01
9.325753450393676758e-01
9.425156116485595703e-01
9.474759697914123535e-01
9.395955801010131836e-01
9.479721784591674805e-01
9.615302681922912598e-01
9.522464871406555176e-01
9.219693541526794434e-01
9.333018064498901367e-01
9.448703527450561523e-01
9.482594728469848633e-01
9.391453266143798828e-01
9.476436376571655273e-01
9.623420238494873047e-01
9.378377795219421387e-01
9.205926656723022461e-01
9.278334379196166992e-01
9.249732494354248047e-01
9.175906181335449219e-01
9.184962511062622070e-01
9.316228628158569336e-01
