9.648270606994628906e-01
9.563610553741455078e-01
9.631609916687011719e-01
9.626368284225463867e-01
9.667071104049682617e-01
9.615124464035034180e-01
9.639929533004760742e-01
9.611031413078308105e-01
9.637769460678100586e-01
9.584585428237915039e-01
9.660772085189819336e-01
9.650541543960571289e-01
9.573152661323547363e-01
9.601806402206420898e-01
9.674397110939025879e-01
9.626133441925048828e-01
9.625661373138427734e-01
9.541662931442260742e-01
9.554207324981689453e-01
9.566335678100585938e-01
9.541448354721069336e-01
9.596335887908935547e-01
9.409675598144531250e-01
9.495761394500732422e-01
9.572329521179199219e-01
9.524238705635070801e-01
9.446778297424316406e-01
9.440903663635253906e-01
9.800057411193847656e-01
9.813442230224609375e-01
9.802898168563842773e-01
9.792965054512023926e-01
9.643156528472900391e-01
9.615995287895202637e-01
9.605630636215209961e-01
9.645218253135681152e-01
9.731923937797546387e-01
9.634299278259277344e-01
9.817705750465393066e-01
9.817751646041870117e-01
9.804913997650146484e-01
9.815657138824462891e-01
9.627159237861633301e-01
9.611958265304565430e-01
9.602068662643432617e-01
9.666607975959777832e-01
9.623386263847351074e-01
9.653199911117553711e-01
9.605508446693420410e-01
9.628134369850158691e-01
9.589810371398925781e-01
9.564725756645202637e-01
9.702015519142150879e-01
9.641212224960327148e-01
9.655374884605407715e-01
9.556763768196105957e-01
9.676347374916076660e-01
9.685374498367309570e-01
9.591602087020874023e-01
9.618129730224609375e-01
9.717609882354736328e-01
9.611686468124389648e-01
9.594317674636840820e-01
9.760132431983947754e-01
9.638932347297668457e-01
9.658560752868652344e-01
9.627152681350708008e-01
9.557080268859863281e-01
9.665144681930541992e-01
9.602528810501098633e-01
9.579995870590209961e-01
9.639987945556640625e-01
9.684350490570068359e-01
9.682539701461791992e-01
9.537937045097351074e-01
9.622538685798645020e-01
9.575683474540710449e-01
9.628636240959167480e-01
9.591438770294189453e-01
9.647569656372070312e-01
9.644736647605895996e-01
9.599505662918090820e-01
9.563795328140258789e-01
9.568896889686584473e-01
9.641936421394348145e-01
9.674289226531982422e-01
9.743703007698059082e-01
9.831264019012451172e-01
9.798314571380615234e-01
9.832526445388793945e-01
9.530630111694335938e-01
9.650151729583740234e-01
9.625668525695800781e-01
9.636751413345336914e-01
9.586494565010070801e-01
9.634066224098205566e-01
9.583618640899658203e-01
9.623146057128906250e-01
9.579752683639526367e-01
9.622366428375244141e-01
9.573928117752075195e-01
9.656256437301635742e-01
9.567898511886596680e-01
9.631190299987792969e-01
9.620053768157958984e-01
9.652083516120910645e-01
9.586943387985229492e-01
9.575762152671813965e-01
9.633529186248779297e-01
9.635717272758483887e-01
9.544453620910644531e-01
9.645255208015441895e-01
9.573021531105041504e-01
9.629934430122375488e-01
9.625286459922790527e-01
9.644045829772949219e-01
9.668918251991271973e-01
9.631325602531433105e-01
9.625484943389892578e-01
9.604359865188598633e-01
9.658375978469848633e-01
9.606050252914428711e-01
9.580973386764526367e-01
9.612751603126525879e-01
9.607343673706054688e-01
9.641338586807250977e-01
9.598936438560485840e-01
9.583313465118408203e-01
9.557638168334960938e-01
9.648460149765014648e-01
9.706897139549255371e-01
9.661974906921386719e-01
9.626406431198120117e-01
9.576028585433959961e-01
9.607146978378295898e-01
9.610409140586853027e-01
9.619974493980407715e-01
9.603886604309082031e-01
9.669161438941955566e-01
9.718466401100158691e-01
9.634809494018554688e-01
9.600167274475097656e-01
9.648301601409912109e-01
9.745500683784484863e-01
9.620965719223022461e-01
9.641611576080322266e-01
9.571755528450012207e-01
9.590023756027221680e-01
9.573944807052612305e-01
9.637804031372070312e-01
9.478902816772460938e-01
9.532631635665893555e-01
9.411070346832275391e-01
9.489173889160156250e-01
9.435538053512573242e-01
9.532426595687866211e-01
9.818797111511230469e-01
9.794074296951293945e-01
9.801736474037170410e-01
9.768213629722595215e-01
