1.003267049789428711e+00
9.728516340255737305e-01
9.619672298431396484e-01
9.436506032943725586e-01
9.706655740737915039e-01
9.714224338531494141e-01
9.727742075920104980e-01
9.630477428436279297e-01
9.828891754150390625e-01
9.546229839324951172e-01
9.727166295051574707e-01
9.602536559104919434e-01
9.700270295143127441e-01
9.692318439483642578e-01
9.636635780334472656e-01
9.435001611709594727e-01
9.681321382522583008e-01
9.431025981903076172e-01
9.638648033142089844e-01
9.582220315933227539e-01
9.664769172668457031e-01
9.596901535987854004e-01
9.775222539901733398e-01
9.644405841827392578e-01
9.707754254341125488e-01
9.617849588394165039e-01
9.820582866668701172e-01
9.703403711318969727e-01
9.736874103546142578e-01
9.666447043418884277e-01
9.658478498458862305e-01
9.465352296829223633e-01
