9.467443227767944336e-01
9.570070505142211914e-01
9.847394227981567383e-01
9.670795798301696777e-01
9.470037221908569336e-01
9.605504274368286133e-01
9.571346044540405273e-01
9.565470814704895020e-01
9.518993496894836426e-01
9.625726938247680664e-01
9.568900465965270996e-01
9.601627588272094727e-01
9.552689790725708008e-01
9.541276693344116211e-01
9.616064429283142090e-01
9.684612751007080078e-01
9.429566860198974609e-01
9.534657001495361328e-01
9.539148807525634766e-01
9.574673175811767578e-01
9.552417993545532227e-01
9.651577472686767578e-01
9.587583541870117188e-01
9.618721008300781250e-01
9.790419936180114746e-01
9.534028172492980957e-01
9.507583379745483398e-01
9.663185477256774902e-01
9.438789486885070801e-01
9.561657905578613281e-01
9.567887783050537109e-01
9.523619413375854492e-01
9.419945478439331055e-01
9.602121114730834961e-01
9.756172895431518555e-01
9.359983205795288086e-01
9.531191587448120117e-01
9.492974281311035156e-01
9.645155668258666992e-01
9.614968299865722656e-01
9.589582681655883789e-01
9.501023292541503906e-01
9.438874721527099609e-01
9.518802762031555176e-01
9.646651148796081543e-01
9.387286901473999023e-01
9.601724147796630859e-01
9.707668423652648926e-01
9.635553956031799316e-01
9.615095257759094238e-01
9.477943181991577148e-01
9.652954936027526855e-01
9.931688308715820312e-01
9.511278867721557617e-01
9.510297775268554688e-01
9.585814476013183594e-01
