9.390770196914672852e-01
9.633293151855468750e-01
9.710761308670043945e-01
9.605984091758728027e-01
9.480283260345458984e-01
9.679537415504455566e-01
9.108115434646606445e-01
8.876041173934936523e-01
9.463567733764648438e-01
9.516934156417846680e-01
9.627726078033447266e-01
9.631773829460144043e-01
9.412156343460083008e-01
9.561678767204284668e-01
9.468076825141906738e-01
9.417427778244018555e-01
9.438031911849975586e-01
9.630317091941833496e-01
9.503509998321533203e-01
9.561956524848937988e-01
9.202593564987182617e-01
9.712752103805541992e-01
9.658194780349731445e-01
9.517209529876708984e-01
9.694654941558837891e-01
9.567914009094238281e-01
9.336242079734802246e-01
9.365946054458618164e-01
9.429883956909179688e-01
9.578247666358947754e-01
9.670537710189819336e-01
9.604555368423461914e-01
9.646244049072265625e-01
9.399023652076721191e-01
9.523959159851074219e-01
8.992844820022583008e-01
9.387249946594238281e-01
9.525023698806762695e-01
9.482072591781616211e-01
9.591723680496215820e-01
