9.657616615295410156e-01
9.611666202545166016e-01
9.566524028778076172e-01
9.599242210388183594e-01
9.597142934799194336e-01
9.650025963783264160e-01
9.632489681243896484e-01
9.601093530654907227e-01
9.590803384780883789e-01
9.618686437606811523e-01
9.667819142341613770e-01
9.627321362495422363e-01
9.569225907325744629e-01
9.630615711212158203e-01
9.600805044174194336e-01
9.774343967437744141e-01
9.594497084617614746e-01
9.643967747688293457e-01
9.672852158546447754e-01
9.676775932312011719e-01
9.641589522361755371e-01
9.625025987625122070e-01
9.714471101760864258e-01
9.695602655410766602e-01
9.702117443084716797e-01
9.609516859054565430e-01
9.657222032546997070e-01
9.658784866333007812e-01
9.645309448242187500e-01
9.648171067237854004e-01
9.610468149185180664e-01
9.668887257575988770e-01
9.617327451705932617e-01
9.669686555862426758e-01
9.687274694442749023e-01
9.652715325355529785e-01
9.730394482612609863e-01
9.704356789588928223e-01
9.577143788337707520e-01
9.638119935989379883e-01
9.620943069458007812e-01
9.573310613632202148e-01
9.680461883544921875e-01
9.675900936126708984e-01
9.700341820716857910e-01
9.688863754272460938e-01
9.636225700378417969e-01
9.629197716712951660e-01
9.609831571578979492e-01
9.653770327568054199e-01
9.675275087356567383e-01
9.702253341674804688e-01
9.666969180107116699e-01
9.637569189071655273e-01
9.573858976364135742e-01
9.662966728210449219e-01
9.693115353584289551e-01
9.673032164573669434e-01
9.747405648231506348e-01
9.769545197486877441e-01
9.667237997055053711e-01
9.622619152069091797e-01
9.637662768363952637e-01
9.642341732978820801e-01
9.569122791290283203e-01
9.691618680953979492e-01
9.663699865341186523e-01
9.611833095550537109e-01
9.689331054687500000e-01
9.570841789245605469e-01
9.569560289382934570e-01
9.636484980583190918e-01
9.660146832466125488e-01
9.642057418823242188e-01
9.586391448974609375e-01
9.631448388099670410e-01
9.702121019363403320e-01
9.599127769470214844e-01
9.584113955497741699e-01
9.649882316589355469e-01
