9.649416208267211914e-01
9.573519229888916016e-01
9.644725322723388672e-01
9.533228874206542969e-01
9.593303203582763672e-01
9.668387174606323242e-01
9.668130874633789062e-01
9.576569795608520508e-01
9.703410863876342773e-01
9.725092649459838867e-01
9.670139551162719727e-01
9.933146238327026367e-01
9.706927537918090820e-01
9.859610795974731445e-01
9.620141983032226562e-01
9.774537682533264160e-01
9.668133854866027832e-01
9.576278924942016602e-01
9.703419804573059082e-01
9.723017215728759766e-01
9.670142531394958496e-01
9.933159351348876953e-01
9.706922769546508789e-01
9.859580397605895996e-01
9.621987342834472656e-01
9.774540662765502930e-01
9.649732112884521484e-01
9.573070406913757324e-01
9.645153284072875977e-01
9.567156434059143066e-01
9.631931185722351074e-01
9.666914343833923340e-01
9.649425745010375977e-01
9.573072195053100586e-01
9.644742012023925781e-01
9.567155838012695312e-01
9.631351232528686523e-01
9.668389558792114258e-01
9.668134450912475586e-01
9.576344490051269531e-01
9.703415036201477051e-01
9.723001718521118164e-01
9.670145511627197266e-01
9.933143258094787598e-01
9.706926345825195312e-01
9.859606623649597168e-01
9.620157480239868164e-01
9.774531722068786621e-01
9.668130874633789062e-01
9.576500654220581055e-01
9.703407287597656250e-01
9.723482131958007812e-01
9.670145511627197266e-01
9.933142066001892090e-01
9.706927537918090820e-01
9.859584569931030273e-01
9.621990919113159180e-01
9.774541258811950684e-01
9.649747014045715332e-01
9.573513865470886230e-01
9.645144939422607422e-01
9.533215165138244629e-01
9.573154449462890625e-01
9.666913747787475586e-01
