-3.300000000000000000e+01 1.475664318387862328e-01
-3.289999999999999858e+01 9.632545586254153899e-03
-3.279999999999999716e+01 3.231071266959588406e-02
-3.269999999999999574e+01 6.076980655441729939e-02
-3.259999999999999432e+01 5.604026390785293160e-02
-3.249999999999999289e+01 3.090738534703632578e-02
-3.239999999999999147e+01 3.731168613998989136e-02
-3.229999999999999005e+01 3.981091255227511144e-02
-3.219999999999998863e+01 2.271421207608909781e-02
-3.209999999999998721e+01 8.782162124230125794e-03
-3.199999999999998579e+01 3.339282288847243707e-02
-3.189999999999998437e+01 1.176294932233577090e-01
-3.179999999999998295e+01 1.384044001100119270e-01
-3.169999999999998153e+01 9.050376787316054272e-02
-3.159999999999998010e+01 5.969243041879963158e-02
-3.149999999999997868e+01 8.882276383910266138e-02
-3.139999999999997726e+01 1.565509801720327276e-01
-3.129999999999997584e+01 9.853847619144290304e-02
-3.119999999999997442e+01 4.028360018966850586e-02
-3.109999999999997300e+01 2.908589880109502604e-02
-3.099999999999997158e+01 3.293790932806586746e-02
-3.089999999999997016e+01 6.524579061170981964e-02
-3.079999999999996874e+01 5.213980521562916470e-02
-3.069999999999996732e+01 4.428690798208117507e-01
-3.059999999999996589e+01 1.190218840204179340e+00
-3.049999999999996447e+01 8.804767402075230898e-01
-3.039999999999996305e+01 2.776382172654848768e-01
-3.029999999999996163e+01 6.737019430052897107e-02
-3.019999999999996021e+01 1.245062111440347480e-01
-3.009999999999995879e+01 1.774918478660401921e-01
-2.999999999999995737e+01 7.016905533972021825e-02
-2.989999999999995595e+01 4.383157051799571602e-02
-2.979999999999995453e+01 3.546008670000446589e-02
-2.969999999999995310e+01 2.778572264518516105e-02
-2.959999999999995168e+01 3.941840770557973606e-02
-2.949999999999995026e+01 6.665300232812114423e-02
-2.939999999999994884e+01 6.068040337733009160e-02
-2.929999999999994742e+01 5.642574128236446662e-02
-2.919999999999994600e+01 3.497797180734494443e-02
-2.909999999999994458e+01 4.300437724187531480e-02
-2.899999999999994316e+01 6.338478245592341076e-02
-2.889999999999994174e+01 5.264801714778513664e-02
-2.879999999999994031e+01 1.187512458121636888e-01
-2.869999999999993889e+01 2.393425663153175287e-01
-2.859999999999993747e+01 1.984564125782344590e-01
-2.849999999999993605e+01 1.086624529423806940e-01
-2.839999999999993463e+01 1.229487254748528324e-01
-2.829999999999993321e+01 7.244775376323558946e-02
-2.819999999999993179e+01 2.005000744638891705e-02
-2.809999999999993037e+01 2.192219436549748893e-02
-2.799999999999992895e+01 2.460487284242844977e-02
-2.789999999999992752e+01 3.735655683816730549e-02
-2.779999999999992610e+01 2.122171490398614899e-02
-2.769999999999992468e+01 8.511405945173465201e-03
-2.759999999999992326e+01 1.544717703778587803e-02
-2.749999999999992184e+01 2.235928265895005193e-02
-2.739999999999992042e+01 2.814365481590357446e-02
-2.729999999999991900e+01 8.308173708925079004e-02
-2.719999999999991758e+01 1.453728352131292978e-01
-2.709999999999991616e+01 8.398838513466444500e-02
-2.699999999999991473e+01 4.821563524320481714e-02
-2.689999999999991331e+01 9.298421743249490889e-02
-2.679999999999991189e+01 1.273268000392272503e-01
-2.669999999999991047e+01 1.161693697947885073e-01
-2.659999999999990905e+01 6.884019555896521148e-01
-2.649999999999990763e+01 1.368948127338662779e+00
-2.639999999999990621e+01 1.875704741198569447e+00
-2.629999999999990479e+01 2.378057646378874956e+00
-2.619999999999990337e+01 1.851549713346175796e+00
-2.609999999999990195e+01 1.206194281291682380e+00
-2.599999999999990052e+01 7.768891422357410148e-01
-2.589999999999989910e+01 2.705048903511487746e-01
-2.579999999999989768e+01 1.757237521352362775e-01
-2.569999999999989626e+01 1.775695504101895417e-01
-2.559999999999989484e+01 1.620801123301498503e-01
-2.549999999999989342e+01 1.432746237472747319e-01
-2.539999999999989200e+01 1.499716283222369273e-01
-2.529999999999989058e+01 2.852148759476403894e-01
-2.519999999999988916e+01 5.071534799075743116e-01
-2.509999999999988773e+01 5.690318235463928120e-01
-2.499999999999988631e+01 5.867784219504392773e-01
-2.489999999999988489e+01 7.613346127688419562e-01
-2.479999999999988347e+01 9.415383516758447646e-01
-2.469999999999988205e+01 1.094350632303394466e+00
-2.459999999999988063e+01 1.435516926255077097e+00
-2.449999999999987921e+01 1.350256481738761005e+00
-2.439999999999987779e+01 1.381884475294500536e+00
-2.429999999999987637e+01 1.573903376618400296e+00
-2.419999999999987494e+01 1.616350795812904861e+00
-2.409999999999987352e+01 1.792591420151293358e+00
-2.399999999999987210e+01 1.779332360886037412e+00
-2.389999999999987068e+01 1.270616043154150221e+00
-2.379999999999986926e+01 9.700092994247097034e-01
-2.369999999999986784e+01 1.006918835523538336e+00
-2.359999999999986642e+01 1.309358267874922710e+00
-2.349999999999986500e+01 1.866757436236366585e+00
-2.339999999999986358e+01 4.621094803810120055e+00
-2.329999999999986215e+01 7.581531668007373881e+00
-2.319999999999986073e+01 9.616769157648086264e+00
-2.309999999999985931e+01 1.090962105512618940e+01
-2.299999999999985789e+01 9.850454697608947541e+00
-2.289999999999985647e+01 6.956005838513374506e+00
-2.279999999999985505e+01 3.781262760311365323e+00
-2.269999999999985363e+01 1.011201500417664656e+00
-2.259999999999985221e+01 5.462347528152168286e-01
-2.249999999999985079e+01 3.547106888972302863e-01
-2.239999999999984936e+01 2.972218440184951627e-01
-2.229999999999984794e+01 2.510287715072627157e-01
-2.219999999999984652e+01 4.480562784359790607e-01
-2.209999999999984510e+01 6.983221923187374891e-01
-2.199999999999984368e+01 9.335127819795161486e-01
-2.189999999999984226e+01 1.250101879928261051e+00
-2.179999999999984084e+01 1.315509466174989983e+00
-2.169999999999983942e+01 1.426414961218833932e+00
-2.159999999999983800e+01 2.160375049933791036e+00
-2.149999999999983658e+01 3.059391102790832484e+00
-2.139999999999983515e+01 3.486704539358616017e+00
-2.129999999999983373e+01 4.112394092977046611e+00
-2.119999999999983231e+01 4.224260469377040472e+00
-2.109999999999983089e+01 3.998875115662813062e+00
-2.099999999999982947e+01 4.049469945877790522e+00
-2.089999999999982805e+01 6.005670620799064885e+00
-2.079999999999982663e+01 7.887735170722007361e+00
-2.069999999999982521e+01 9.636609891653060700e+00
-2.059999999999982379e+01 1.128971875786781354e+01
-2.049999999999982236e+01 1.099600686073303279e+01
-2.039999999999982094e+01 7.809002765715121974e+00
-2.029999999999981952e+01 5.349499210417270945e+00
-2.019999999999981810e+01 4.218720395863056360e+00
-2.009999999999981668e+01 4.154381144493818567e+00
-1.999999999999981526e+01 4.000405069738626196e+00
-1.989999999999981384e+01 4.107245494425296961e+00
-1.979999999999981242e+01 4.404968843758106267e+00
-1.969999999999981100e+01 4.952924287617206822e+00
-1.959999999999980957e+01 5.648026368916034379e+00
-1.949999999999980815e+01 6.852851461470127248e+00
-1.939999999999980673e+01 8.124095765054226703e+00
-1.929999999999980531e+01 9.632865719795226767e+00
-1.919999999999980389e+01 1.158562900364398907e+01
-1.909999999999980247e+01 1.211511771917343161e+01
-1.899999999999980105e+01 1.156969466626644127e+01
-1.889999999999979963e+01 1.227623360157013011e+01
-1.879999999999979821e+01 1.323548963963985514e+01
-1.869999999999979678e+01 1.291765356481075244e+01
-1.859999999999979536e+01 1.441598944723606124e+01
-1.849999999999979394e+01 1.535290426909923589e+01
-1.839999999999979252e+01 1.491709893226623507e+01
-1.829999999999979110e+01 1.425614728033542633e+01
-1.819999999999978968e+01 1.189406217873096416e+01
-1.809999999999978826e+01 1.125466617405414560e+01
-1.799999999999978684e+01 1.224488705098628927e+01
-1.789999999999978542e+01 1.435508252322673783e+01
-1.779999999999978400e+01 1.558011929869651802e+01
-1.769999999999978257e+01 1.598357146382331884e+01
-1.759999999999978115e+01 1.508602193593978846e+01
-1.749999999999977973e+01 1.495077873468398977e+01
-1.739999999999977831e+01 1.519508909821510301e+01
-1.729999999999977689e+01 1.634592636704444857e+01
-1.719999999999977547e+01 1.570789852559566491e+01
-1.709999999999977405e+01 1.460711654007434923e+01
-1.699999999999977263e+01 1.251376571893692002e+01
-1.689999999999977121e+01 9.334674587249756073e+00
-1.679999999999976978e+01 7.286171162426471781e+00
-1.669999999999976836e+01 6.371783368289470673e+00
-1.659999999999976694e+01 5.817626104652881658e+00
-1.649999999999976552e+01 5.675212744474411153e+00
-1.639999999999976410e+01 7.253817502558231212e+00
-1.629999999999976268e+01 8.697293331921100545e+00
-1.619999999999976126e+01 1.120727082371711703e+01
-1.609999999999975984e+01 1.299288881957530961e+01
-1.599999999999975842e+01 1.450497019052505543e+01
-1.589999999999975699e+01 1.486201266646385122e+01
-1.579999999999975557e+01 1.494066008090972986e+01
-1.569999999999975415e+01 1.381522333979606643e+01
-1.559999999999975273e+01 1.134968383133411329e+01
-1.549999999999975131e+01 8.408947912454605600e+00
-1.539999999999974989e+01 6.858906724154949508e+00
-1.529999999999974847e+01 5.893125520944595408e+00
-1.519999999999974705e+01 6.799693555831908931e+00
-1.509999999999974563e+01 7.256382968425750590e+00
-1.499999999999974420e+01 7.533671506047248556e+00
-1.489999999999974278e+01 7.491379339694976380e+00
-1.479999999999974136e+01 7.246852673888206198e+00
-1.469999999999973994e+01 6.784536074101924719e+00
-1.459999999999973852e+01 7.562495642006397567e+00
-1.449999999999973710e+01 9.457441591024398519e+00
-1.439999999999973568e+01 1.145394013345241468e+01
-1.429999999999973426e+01 1.412357681274414034e+01
-1.419999999999973284e+01 1.623862714171409749e+01
-1.409999999999973141e+01 1.764089818954467859e+01
-1.399999999999972999e+01 1.838762869119643995e+01
-1.389999999999972857e+01 1.716600798845291109e+01
-1.379999999999972715e+01 1.368737570047378505e+01
-1.369999999999972573e+01 1.034739801406860416e+01
-1.359999999999972431e+01 7.321643170416354707e+00
-1.349999999999972289e+01 6.677199260294437444e+00
-1.339999999999972147e+01 7.110941318273543921e+00
-1.329999999999972005e+01 9.038575434386730834e+00
-1.319999999999971863e+01 1.058826515376567912e+01
-1.309999999999971720e+01 1.246026648342609455e+01
-1.299999999999971578e+01 1.511721535861492072e+01
-1.289999999999971436e+01 1.591417065978050260e+01
-1.279999999999971294e+01 1.510368910908699114e+01
-1.269999999999971152e+01 1.644265438139438729e+01
-1.259999999999971010e+01 1.762586174488067670e+01
-1.249999999999970868e+01 1.527237461805343699e+01
-1.239999999999970726e+01 1.323410090386867566e+01
-1.229999999999970584e+01 1.341521883070468846e+01
-1.219999999999970441e+01 1.552044930756092000e+01
-1.209999999999970299e+01 1.760990558743476697e+01
-1.199999999999970157e+01 1.927006438136100641e+01
-1.189999999999970015e+01 2.065705087423324571e+01
-1.179999999999969873e+01 1.992146421313285742e+01
-1.169999999999969731e+01 1.891340603470802151e+01
-1.159999999999969589e+01 1.947878861546516305e+01
-1.149999999999969447e+01 1.934206592679023728e+01
-1.139999999999969305e+01 2.094369410753250094e+01
-1.129999999999969162e+01 2.370774822950363259e+01
-1.119999999999969020e+01 2.362253581047058049e+01
-1.109999999999968878e+01 2.358271421670913526e+01
-1.099999999999968736e+01 2.482588161706924268e+01
-1.089999999999968594e+01 2.440289156436920237e+01
-1.079999999999968452e+01 2.350318019151687565e+01
-1.069999999999968310e+01 2.462906458497047524e+01
-1.059999999999968168e+01 2.475792306065559245e+01
-1.049999999999968026e+01 2.411222452759742652e+01
-1.039999999999967883e+01 2.477861012816429209e+01
-1.029999999999967741e+01 2.508726957798004165e+01
-1.019999999999967599e+01 2.370746354579925708e+01
-1.009999999999967457e+01 2.402796501636505155e+01
-9.999999999999673150e+00 2.473721232891082877e+01
-9.899999999999671729e+00 2.536915633082389832e+01
-9.799999999999670308e+00 2.793336929559707471e+01
-9.699999999999668887e+00 3.134796144962310649e+01
-9.599999999999667466e+00 3.238808043718338325e+01
-9.499999999999666045e+00 3.217925599813461446e+01
-9.399999999999664624e+00 3.159242199659347605e+01
-9.299999999999663203e+00 2.896560948729515061e+01
-9.199999999999661782e+00 2.627697311520576307e+01
-9.099999999999660361e+00 2.559100451469421245e+01
-8.999999999999658939e+00 2.773190386056900181e+01
-8.899999999999657518e+00 2.993798216819763169e+01
-8.799999999999656097e+00 2.980061879396438584e+01
-8.699999999999654676e+00 2.851514288544654718e+01
-8.599999999999653255e+00 2.472046889781951862e+01
-8.499999999999651834e+00 1.982802052974700757e+01
-8.399999999999650413e+00 1.718504902005195589e+01
-8.299999999999648992e+00 1.618903934717178217e+01
-8.199999999999647571e+00 1.503317676007747572e+01
-8.099999999999646150e+00 1.563678527235984816e+01
-7.999999999999644729e+00 1.679066927671432552e+01
-7.899999999999643308e+00 1.919736075043678269e+01
-7.799999999999641886e+00 2.116340273141861061e+01
-7.699999999999640465e+00 2.509547919273376593e+01
-7.599999999999639044e+00 2.746416175007820115e+01
-7.499999999999637623e+00 2.592856755852699280e+01
-7.399999999999636202e+00 2.274364259600639215e+01
-7.299999999999634781e+00 2.045404179334640560e+01
-7.199999999999633360e+00 1.738923023223876996e+01
-7.099999999999631939e+00 1.548936976611614291e+01
-6.999999999999630518e+00 1.307963002264499686e+01
-6.899999999999629097e+00 1.208935335576534342e+01
-6.799999999999627676e+00 1.129087358653545436e+01
-6.699999999999626255e+00 1.277566738903522570e+01
-6.599999999999624833e+00 1.478495407998561895e+01
-6.499999999999623412e+00 1.731671015024185323e+01
-6.399999999999621991e+00 1.842916754603385954e+01
-6.299999999999620570e+00 1.778051360249519419e+01
-6.199999999999619149e+00 1.615797626376151896e+01
-6.099999999999617728e+00 1.551495674848556483e+01
-5.999999999999616307e+00 1.430091765940189319e+01
-5.899999999999614886e+00 1.281591684520244634e+01
-5.799999999999613465e+00 9.773363117575645020e+00
-5.699999999999612044e+00 7.776191225349903036e+00
-5.599999999999610623e+00 5.827236957550049112e+00
-5.499999999999609201e+00 4.900940357446670781e+00
-5.399999999999607780e+00 4.362015428990125621e+00
-5.299999999999606359e+00 3.642898311018943680e+00
-5.199999999999604938e+00 3.978361605256795830e+00
-5.099999999999603517e+00 4.350875024944543590e+00
-4.999999999999602096e+00 6.352780684530735300e+00
-4.899999999999600675e+00 8.718594193458557129e+00
-4.799999999999599254e+00 9.757227723300456290e+00
-4.699999999999597833e+00 8.762858848273754830e+00
-4.599999999999596412e+00 9.390824050605296236e+00
-4.499999999999594991e+00 9.929646265506743674e+00
-4.399999999999593570e+00 6.741518917381763565e+00
-4.299999999999592148e+00 3.514769283086061513e+00
-4.199999999999590727e+00 3.801448861211538244e+00
-4.099999999999589306e+00 2.579070220068097274e+00
-3.999999999999587885e+00 1.283673391975462375e+00
-3.899999999999586464e+00 8.182629296556115372e-01
-3.799999999999585043e+00 6.008954028226435318e-01
-3.699999999999583622e+00 2.850364168873056880e-01
-3.599999999999582201e+00 2.521429481124505267e-01
-3.499999999999580780e+00 2.721507808798924177e-01
-3.399999999999579359e+00 2.123342750570736959e-01
-3.299999999999577938e+00 1.307032462708093701e-01
-3.199999999999576517e+00 7.857207869373496190e-02
-3.099999999999575095e+00 5.573144593659890011e-02
-2.999999999999573674e+00 1.325997947001269495e-01
-2.899999999999572253e+00 3.026697763759875759e-01
-2.799999999999570832e+00 2.465866731692949454e-01
-2.699999999999569411e+00 5.235639415425248355e-01
-2.599999999999567990e+00 1.001547901863232282e+00
-2.499999999999566569e+00 6.877690378855914055e-01
-2.399999999999565148e+00 5.866027253156061994e-01
-2.299999999999563727e+00 7.930643810122274262e-01
-2.199999999999562306e+00 1.046490921881049863e+00
-2.099999999999560885e+00 1.439742508940398791e+00
-1.999999999999559464e+00 1.288898179642856023e+00
-1.899999999999558042e+00 2.146039144918322705e+00
-1.799999999999556621e+00 3.444489601403474932e+00
-1.699999999999555200e+00 3.423403029441833390e+00
-1.599999999999553779e+00 4.184249894917011048e+00
-1.499999999999552358e+00 4.955548743605613815e+00
-1.399999999999550937e+00 5.451063283383846603e+00
-1.299999999999549516e+00 6.389835275113582291e+00
-1.199999999999548095e+00 7.710070788860321045e+00
-1.099999999999546674e+00 8.167728455364704487e+00
-9.999999999995452526e-01 9.557273905277252624e+00
-8.999999999995438316e-01 1.105754142165184106e+01
-7.999999999995424105e-01 1.280966902196407275e+01
-6.999999999995409894e-01 1.438046953737735834e+01
-5.999999999995395683e-01 1.604184505581855902e+01
-4.999999999995381472e-01 1.801102111458778410e+01
-3.999999999995367261e-01 1.961859320282935926e+01
-2.999999999995353051e-01 2.064575371980667029e+01
-1.999999999995338840e-01 2.289180197596549959e+01
-9.999999999953246288e-02 2.270726119637489404e+01
4.689582056016661227e-13 2.359298531651496944e+01
1.000000000004703793e-01 2.308881441235542198e+01
2.000000000004718004e-01 2.102482842087745496e+01
3.000000000004732215e-01 2.041095434904098482e+01
4.000000000004746425e-01 2.118850548028946079e+01
5.000000000004760636e-01 2.333114982724189801e+01
6.000000000004774847e-01 2.541893652319908270e+01
7.000000000004789058e-01 2.420027096748351880e+01
8.000000000004803269e-01 2.296721484422683801e+01
9.000000000004817480e-01 2.321805790066719055e+01
1.000000000000483169e+00 2.415094746232032819e+01
