-3.300000000000000000e+01 2.151875058916630180e-04
-3.289999999999999858e+01 4.782470525242388547e-05
-3.279999999999999716e+01 2.656074611604708740e-04
-3.269999999999999574e+01 7.180373810115270533e-04
-3.259999999999999432e+01 1.774420055335212997e-04
-3.249999999999999289e+01 1.024981111186207272e-04
-3.239999999999999147e+01 2.290740609169006293e-05
-3.229999999999999005e+01 5.342537420801818046e-05
-3.219999999999998863e+01 1.654400071129202940e-04
-3.209999999999998721e+01 3.059180569835007028e-05
-3.199999999999998579e+01 8.244004351581679440e-05
-3.189999999999998437e+01 2.253254917741287586e-04
-3.179999999999998295e+01 4.118370776268420958e-05
-3.169999999999998153e+01 0.000000000000000000e+00
-3.159999999999998010e+01 0.000000000000000000e+00
-3.149999999999997868e+01 0.000000000000000000e+00
-3.139999999999997726e+01 0.000000000000000000e+00
-3.129999999999997584e+01 5.863836704520508342e-06
-3.119999999999997442e+01 2.278117637615650919e-05
-3.109999999999997300e+01 3.022873572626849723e-04
-3.099999999999997158e+01 6.988370043109170789e-04
-3.089999999999997016e+01 5.616685515269637238e-04
-3.079999999999996874e+01 1.121005718596279572e-04
-3.069999999999996732e+01 0.000000000000000000e+00
-3.059999999999996589e+01 1.287127031082491233e-04
-3.049999999999996447e+01 3.665416308649582680e-04
-3.039999999999996305e+01 6.952665173230343119e-05
-3.029999999999996163e+01 0.000000000000000000e+00
-3.019999999999996021e+01 0.000000000000000000e+00
-3.009999999999995879e+01 0.000000000000000000e+00
-2.999999999999995737e+01 0.000000000000000000e+00
-2.989999999999995595e+01 0.000000000000000000e+00
-2.979999999999995453e+01 0.000000000000000000e+00
-2.969999999999995310e+01 3.032896711374633184e-06
-2.959999999999995168e+01 3.717875966685824313e-05
-2.949999999999995026e+01 2.768685590126551688e-06
-2.939999999999994884e+01 9.737117605434377973e-03
-2.929999999999994742e+01 2.517726090372889372e-02
-2.919999999999994600e+01 9.577930706533378802e-03
-2.909999999999994458e+01 6.457866862183436231e-04
-2.899999999999994316e+01 1.512982860440388383e-03
-2.889999999999994174e+01 6.983015657169744806e-04
-2.879999999999994031e+01 1.238011900568381020e-05
-2.869999999999993889e+01 2.255011803936213136e-04
-2.859999999999993747e+01 5.522761540487408681e-04
-2.849999999999993605e+01 2.221360942348837874e-04
-2.839999999999993463e+01 1.889969840703997775e-05
-2.829999999999993321e+01 4.321481828810647401e-05
-2.819999999999993179e+01 2.693633039016276459e-02
-2.809999999999993037e+01 6.574294500052929591e-02
-2.799999999999992895e+01 2.677761330502107656e-02
-2.789999999999992752e+01 5.551228342344984718e-02
-2.779999999999992610e+01 1.246551562892273118e-01
-2.769999999999992468e+01 6.665521219954825827e-02
-2.759999999999992326e+01 3.929932642058701908e-03
-2.749999999999992184e+01 1.248966925777494821e-04
-2.739999999999992042e+01 6.763445417163893479e-06
-2.729999999999991900e+01 0.000000000000000000e+00
-2.719999999999991758e+01 1.144331503019202495e-04
-2.709999999999991616e+01 3.435730305500328389e-04
-2.699999999999991473e+01 2.300468109024223038e-04
-2.689999999999991331e+01 4.182437847097730723e-04
-2.679999999999991189e+01 3.743246250087395224e-04
-2.669999999999991047e+01 2.176375259296037311e-04
-2.659999999999990905e+01 4.272097791726991891e-04
-2.649999999999990763e+01 1.031097234226763281e-04
-2.639999999999990621e+01 2.202149292861577254e-04
-2.629999999999990479e+01 6.749061992741189810e-04
-2.619999999999990337e+01 2.006096232798881807e-04
-2.609999999999990195e+01 4.230778722558170896e-06
-2.599999999999990052e+01 2.387427031091647264e-02
-2.589999999999989910e+01 5.018957039457745684e-02
-2.579999999999989768e+01 2.522559419448953261e-02
-2.569999999999989626e+01 2.650250387523556041e-04
-2.559999999999989484e+01 3.651371283922344771e-05
-2.549999999999989342e+01 1.513232304569100939e-04
-2.539999999999989200e+01 3.555163100827485296e-05
-2.529999999999989058e+01 1.274568872759118758e-05
-2.519999999999988916e+01 0.000000000000000000e+00
-2.509999999999988773e+01 0.000000000000000000e+00
-2.499999999999988631e+01 6.817843532189727372e-05
-2.489999999999988489e+01 2.162465220317244508e-04
-2.479999999999988347e+01 5.339365568943321813e-05
-2.469999999999988205e+01 0.000000000000000000e+00
-2.459999999999988063e+01 0.000000000000000000e+00
-2.449999999999987921e+01 4.328670445829630006e-04
-2.439999999999987779e+01 9.567423490807414272e-04
-2.429999999999987637e+01 4.367343673948198448e-04
-2.419999999999987494e+01 0.000000000000000000e+00
-2.409999999999987352e+01 0.000000000000000000e+00
-2.399999999999987210e+01 0.000000000000000000e+00
-2.389999999999987068e+01 0.000000000000000000e+00
-2.379999999999986926e+01 1.236193673685193094e-04
-2.369999999999986784e+01 7.480999018298461600e-04
-2.359999999999986642e+01 1.516309434264257990e-03
-2.349999999999986500e+01 5.684984929393977057e-04
-2.339999999999986358e+01 6.457195143453304566e-03
-2.329999999999986215e+01 1.542810486367670805e-02
-2.319999999999986073e+01 6.290568639906268453e-03
-2.309999999999985931e+01 2.429694760852726260e-02
-2.299999999999985789e+01 5.499496382370125391e-02
-2.289999999999985647e+01 2.444519577431492410e-02
-2.279999999999985505e+01 1.066603307845070974e-04
-2.269999999999985363e+01 0.000000000000000000e+00
-2.259999999999985221e+01 0.000000000000000000e+00
-2.249999999999985079e+01 0.000000000000000000e+00
-2.239999999999984936e+01 7.482474634139179778e-03
-2.229999999999984794e+01 1.811167657629994196e-02
-2.219999999999984652e+01 7.584829812021780943e-03
-2.209999999999984510e+01 4.676307365298271114e-04
-2.199999999999984368e+01 2.069434896111488386e-04
-2.189999999999984226e+01 0.000000000000000000e+00
-2.179999999999984084e+01 0.000000000000000000e+00
-2.169999999999983942e+01 0.000000000000000000e+00
-2.159999999999983800e+01 0.000000000000000000e+00
-2.149999999999983658e+01 0.000000000000000000e+00
-2.139999999999983515e+01 4.400436859577894189e-04
-2.129999999999983373e+01 1.058522500097751513e-03
-2.119999999999983231e+01 2.847516922338400123e-03
-2.109999999999983089e+01 4.881865162169560755e-03
-2.099999999999982947e+01 8.725973218995477718e-03
-2.089999999999982805e+01 1.844108881690772334e-02
-2.079999999999982663e+01 2.850330987595953158e-02
-2.069999999999982521e+01 1.251890278793871270e-01
-2.059999999999982379e+01 2.693959945812821610e-01
-2.049999999999982236e+01 4.660467819124460287e-01
-2.039999999999982094e+01 8.149815309047698797e-01
-2.029999999999981952e+01 1.187409312129020789e+00
-2.019999999999981810e+01 1.607916098535060900e+00
-2.009999999999981668e+01 1.882825874090194640e+00
-1.999999999999981526e+01 1.958201660513877895e+00
-1.989999999999981384e+01 1.980621483922004655e+00
-1.979999999999981242e+01 1.833887329101562491e+00
-1.969999999999981100e+01 1.694233590960502633e+00
-1.959999999999980957e+01 1.521663218736648560e+00
-1.949999999999980815e+01 1.329247515499591747e+00
-1.939999999999980673e+01 1.105672813653945985e+00
-1.929999999999980531e+01 9.394106657803058535e-01
-1.919999999999980389e+01 7.584676900506019948e-01
-1.909999999999980247e+01 8.075089453160763098e-01
-1.899999999999980105e+01 8.884639066457747925e-01
-1.889999999999979963e+01 9.692027190327644481e-01
-1.879999999999979821e+01 9.869523569941520691e-01
-1.869999999999979678e+01 8.959701119363308042e-01
-1.859999999999979536e+01 8.657933337986469802e-01
-1.849999999999979394e+01 8.912921775877475916e-01
-1.839999999999979252e+01 8.744159947335720107e-01
-1.829999999999979110e+01 8.095422206819057331e-01
-1.819999999999978968e+01 8.386542382836341680e-01
-1.809999999999978826e+01 7.441648212075233637e-01
-1.799999999999978684e+01 6.655846772342920437e-01
-1.789999999999978542e+01 7.897029264271259175e-01
-1.779999999999978400e+01 7.961589235067367820e-01
-1.769999999999978257e+01 7.485705484449863834e-01
-1.759999999999978115e+01 6.551038438081741022e-01
-1.749999999999977973e+01 5.413629940152168141e-01
-1.739999999999977831e+01 4.839739756286144390e-01
-1.729999999999977689e+01 5.730970001220703214e-01
-1.719999999999977547e+01 6.943316692113876698e-01
-1.709999999999977405e+01 7.447379533946514307e-01
-1.699999999999977263e+01 6.404422456026077626e-01
-1.689999999999977121e+01 5.423398909717798144e-01
-1.679999999999976978e+01 5.359463129192590936e-01
-1.669999999999976836e+01 5.317235536873340385e-01
-1.659999999999976694e+01 4.823038497939705627e-01
-1.649999999999976552e+01 4.451401028037071383e-01
-1.639999999999976410e+01 4.873074270039796652e-01
-1.629999999999976268e+01 4.542031556367874257e-01
-1.619999999999976126e+01 4.106276721507310934e-01
-1.609999999999975984e+01 3.723022545129060501e-01
-1.599999999999975842e+01 3.670920797064900487e-01
-1.589999999999975699e+01 4.044823528826236858e-01
-1.579999999999975557e+01 3.804236707091331327e-01
-1.569999999999975415e+01 4.727558009326457977e-01
-1.559999999999975273e+01 6.800250099599360887e-01
-1.549999999999975131e+01 8.177065560221672413e-01
-1.539999999999974989e+01 7.516234749555588124e-01
-1.529999999999974847e+01 7.435795864462853011e-01
-1.519999999999974705e+01 6.005283299088478577e-01
-1.509999999999974563e+01 5.726050228625535476e-01
-1.499999999999974420e+01 6.613300564885139510e-01
-1.489999999999974278e+01 8.673667797446250605e-01
-1.479999999999974136e+01 9.467270591855049267e-01
-1.469999999999973994e+01 1.227853395938873327e+00
-1.459999999999973852e+01 1.384276153743267068e+00
-1.449999999999973710e+01 2.048713492155075144e+00
-1.439999999999973568e+01 2.910026950836181570e+00
-1.429999999999973426e+01 3.731771732568740951e+00
-1.419999999999973284e+01 4.302076585292816446e+00
-1.409999999999973141e+01 4.402449867725372279e+00
-1.399999999999972999e+01 3.659318675994873260e+00
-1.389999999999972857e+01 2.715798380970954717e+00
-1.379999999999972715e+01 1.827112992703914696e+00
-1.369999999999972573e+01 1.149162452816963276e+00
-1.359999999999972431e+01 7.378458255529403154e-01
-1.349999999999972289e+01 4.282230283319949926e-01
-1.339999999999972147e+01 2.703822267986834005e-01
-1.329999999999972005e+01 1.628256364236585763e-01
-1.319999999999971863e+01 8.811531367711722407e-02
-1.309999999999971720e+01 3.248026638044393399e-02
-1.299999999999971578e+01 3.024722925958485409e-02
-1.289999999999971436e+01 2.341777254128828492e-02
-1.279999999999971294e+01 2.594244053107104195e-02
-1.269999999999971152e+01 1.519334575772518341e-02
-1.259999999999971010e+01 6.169090867624618321e-03
-1.249999999999970868e+01 8.131183330260683545e-03
-1.239999999999970726e+01 1.244331100151612260e-02
-1.229999999999970584e+01 2.079453278636719804e-02
-1.219999999999970441e+01 7.742056748480535822e-02
-1.209999999999970299e+01 2.302438532374799229e-01
-1.199999999999970157e+01 6.920060129463672105e-01
-1.189999999999970015e+01 1.237211156487464825e+00
-1.179999999999969873e+01 1.736606306433677638e+00
-1.169999999999969731e+01 1.963318324685096705e+00
-1.159999999999969589e+01 2.087841024398803924e+00
-1.149999999999969447e+01 2.067970068454742627e+00
-1.139999999999969305e+01 1.903014585971832373e+00
-1.129999999999969162e+01 1.811621932983398464e+00
-1.119999999999969020e+01 1.696620259881019610e+00
-1.109999999999968878e+01 1.690896621644496944e+00
-1.099999999999968736e+01 1.793654678463935781e+00
-1.089999999999968594e+01 2.051073131561279350e+00
-1.079999999999968452e+01 2.256228602528572047e+00
-1.069999999999968310e+01 2.801058465242385775e+00
-1.059999999999968168e+01 3.145690968632698148e+00
-1.049999999999968026e+01 3.452174060940742528e+00
-1.039999999999967883e+01 3.516682215929031408e+00
-1.029999999999967741e+01 3.543843122720718330e+00
-1.019999999999967599e+01 3.290269727110862519e+00
-1.009999999999967457e+01 2.972986485958099223e+00
-9.999999999999673150e+00 2.611866157650947429e+00
-9.899999999999671729e+00 2.317027920484542758e+00
-9.799999999999670308e+00 2.074029489755630618e+00
-9.699999999999668887e+00 2.027611175179481418e+00
-9.599999999999667466e+00 2.137521606087684489e+00
-9.499999999999666045e+00 2.279694246053695750e+00
-9.399999999999664624e+00 2.486243764758110153e+00
-9.299999999999663203e+00 2.480135716795921486e+00
-9.199999999999661782e+00 2.614858539104461865e+00
-9.099999999999660361e+00 2.625930590629577566e+00
-8.999999999999658939e+00 2.482767276763916175e+00
-8.899999999999657518e+00 2.361221757531166254e+00
-8.799999999999656097e+00 2.492917301058769297e+00
-8.699999999999654676e+00 2.697189631462097115e+00
-8.599999999999653255e+00 2.975358173847198362e+00
-8.499999999999651834e+00 3.312483639121055479e+00
-8.399999999999650413e+00 3.595648938417434604e+00
-8.299999999999648992e+00 3.792213742733001602e+00
-8.199999999999647571e+00 3.845290203094482440e+00
-8.099999999999646150e+00 4.021012412309646677e+00
-7.999999999999644729e+00 4.241395386457443628e+00
-7.899999999999643308e+00 4.568116142749786057e+00
-7.799999999999641886e+00 5.010336463451385391e+00
-7.699999999999640465e+00 5.331474580764770543e+00
-7.599999999999639044e+00 5.475967215299606394e+00
-7.499999999999637623e+00 5.495755387544631887e+00
-7.399999999999636202e+00 5.252328772544860414e+00
-7.299999999999634781e+00 4.988597202301025213e+00
-7.199999999999633360e+00 4.656060698032379541e+00
-7.099999999999631939e+00 4.051474578380585001e+00
-6.999999999999630518e+00 3.306612301468849324e+00
-6.899999999999629097e+00 2.513474975824355973e+00
-6.799999999999627676e+00 1.687087982296943567e+00
-6.699999999999626255e+00 1.085665218830108580e+00
-6.599999999999624833e+00 7.553220650553703619e-01
-6.499999999999623412e+00 5.771006984263657991e-01
-6.399999999999621991e+00 4.162586941570043386e-01
-6.299999999999620570e+00 3.122779504582285925e-01
-6.199999999999619149e+00 1.600427204766310674e-01
-6.099999999999617728e+00 1.224455863237381009e-01
-5.999999999999616307e+00 5.236330274441570315e-02
-5.899999999999614886e+00 2.528401007439242537e-02
-5.799999999999613465e+00 1.206238274909992442e-02
-5.699999999999612044e+00 4.764699793886393100e-03
-5.599999999999610623e+00 3.612311340111773374e-03
-5.499999999999609201e+00 2.322671734727919240e-03
-5.399999999999607780e+00 9.088172670453786720e-04
-5.299999999999606359e+00 1.481136737857013962e-04
-5.199999999999604938e+00 3.435311210341751424e-04
-5.099999999999603517e+00 4.066098877228796309e-04
-4.999999999999602096e+00 6.492619217169703699e-04
-4.899999999999600675e+00 2.662001154385507194e-04
-4.799999999999599254e+00 0.000000000000000000e+00
-4.699999999999597833e+00 7.718548628326970954e-04
-4.599999999999596412e+00 1.946786062326282202e-03
-4.499999999999594991e+00 7.601812051143497315e-04
-4.399999999999593570e+00 9.667907492257655263e-05
-4.299999999999592148e+00 2.550183073617518035e-04
-4.199999999999590727e+00 4.207032324728743116e-04
-4.099999999999589306e+00 8.180682061356492688e-04
-3.999999999999587885e+00 4.638391040498390729e-04
-3.899999999999586464e+00 8.025277689012000164e-04
-3.799999999999585043e+00 1.303470330603886430e-03
-3.699999999999583622e+00 4.673035664018243356e-04
-3.599999999999582201e+00 6.005951725677505541e-04
-3.499999999999580780e+00 2.745101363180992883e-03
-3.399999999999579359e+00 5.847722598809923815e-04
-3.299999999999577938e+00 0.000000000000000000e+00
-3.199999999999576517e+00 0.000000000000000000e+00
-3.099999999999575095e+00 0.000000000000000000e+00
-2.999999999999573674e+00 0.000000000000000000e+00
-2.899999999999572253e+00 0.000000000000000000e+00
-2.799999999999570832e+00 0.000000000000000000e+00
-2.699999999999569411e+00 7.944865588797255754e-05
-2.599999999999567990e+00 3.412457462400198135e-04
-2.499999999999566569e+00 2.568952974979765973e-04
-2.399999999999565148e+00 7.024989696219563701e-05
-2.299999999999563727e+00 0.000000000000000000e+00
-2.199999999999562306e+00 9.400089271366596439e-05
-2.099999999999560885e+00 8.379457153205294682e-04
-1.999999999999559464e+00 1.317265860561747052e-03
-1.899999999999558042e+00 6.021473958026036166e-04
-1.799999999999556621e+00 6.402791105210780750e-04
-1.699999999999555200e+00 1.603130092844367097e-03
-1.599999999999553779e+00 2.580836938577704253e-03
-1.499999999999552358e+00 3.274746471724938445e-03
-1.399999999999550937e+00 3.652805577075923793e-03
-1.299999999999549516e+00 5.363521333783864697e-03
-1.199999999999548095e+00 1.538226733439387352e-02
-1.099999999999546674e+00 3.075390802288893721e-02
-9.999999999995452526e-01 2.698662860691547483e-01
-8.999999999995438316e-01 5.452328136563301397e-01
-7.999999999995424105e-01 1.172532156407833037e+00
-6.999999999995409894e-01 1.963201328516006372e+00
-5.999999999995395683e-01 2.733877204656601112e+00
-4.999999999995381472e-01 3.455051318407058591e+00
-3.999999999995367261e-01 4.330540058612823096e+00
-2.999999999995353051e-01 4.794336440563202295e+00
-1.999999999995338840e-01 5.351737146377563370e+00
-9.999999999953246288e-02 5.463433123826980875e+00
4.689582056016661227e-13 5.450384731292724716e+00
1.000000000004703793e-01 5.676410887241363667e+00
2.000000000004718004e-01 5.994037406444549632e+00
3.000000000004732215e-01 6.420274550914764511e+00
4.000000000004746425e-01 6.572794117927551305e+00
5.000000000004760636e-01 6.197288961410522212e+00
6.000000000004774847e-01 6.256009104251861963e+00
7.000000000004789058e-01 6.771101689338683727e+00
8.000000000004803269e-01 7.655448646545409908e+00
9.000000000004817480e-01 8.787458481788634757e+00
1.000000000000483169e+00 9.174444494247437021e+00
