-3.300000000000000000e+01 2.428471812891075333e-04
-3.289999999999999858e+01 2.967085521666490335e-03
-3.279999999999999716e+01 8.773103780822567171e-03
-3.269999999999999574e+01 3.103311190625390563e-03
-3.259999999999999432e+01 8.038006676906661249e-03
-3.249999999999999289e+01 2.179940032583544893e-02
-3.239999999999999147e+01 8.961770540190627451e-03
-3.229999999999999005e+01 6.428272018402481428e-03
-3.219999999999998863e+01 1.297177433343676967e-02
-3.209999999999998721e+01 7.319681484045758961e-03
-3.199999999999998579e+01 1.082933766770111063e-03
-3.189999999999998437e+01 3.245661166874924675e-02
-3.179999999999998295e+01 7.320968580752378052e-02
-3.169999999999998153e+01 3.302521514997351637e-02
-3.159999999999998010e+01 3.541846978623653004e-03
-3.149999999999997868e+01 2.169859653804451227e-03
-3.139999999999997726e+01 4.363103629111719436e-03
-3.129999999999997584e+01 1.704317865460325265e-03
-3.119999999999997442e+01 5.377330706232896426e-03
-3.109999999999997300e+01 1.262006127763015684e-02
-3.099999999999997158e+01 9.392412107990822170e-03
-3.089999999999997016e+01 8.217180790410338886e-03
-3.079999999999996874e+01 3.958380895346636300e-03
-3.069999999999996732e+01 1.798441400023875801e-03
-3.059999999999996589e+01 9.144131593347992054e-03
-3.049999999999996447e+01 4.785231282880886283e-03
-3.039999999999996305e+01 1.700030494248494506e-03
-3.029999999999996163e+01 5.693637300282716968e-04
-3.019999999999996021e+01 7.847036642621674565e-03
-3.009999999999995879e+01 5.382049053077934964e-02
-2.999999999999995737e+01 5.193544403882697363e-02
-2.989999999999995595e+01 7.017977139921641183e-02
-2.979999999999995453e+01 3.086193509116128691e-02
-2.969999999999995310e+01 9.043607104104011817e-04
-2.959999999999995168e+01 1.542637395323254081e-03
-2.949999999999995026e+01 8.839965419610961838e-04
-2.939999999999994884e+01 9.416353687868195699e-04
-2.929999999999994742e+01 1.682230530278161496e-03
-2.919999999999994600e+01 1.362218344002030746e-03
-2.909999999999994458e+01 1.114945252993493341e-03
-2.899999999999994316e+01 4.143943340750411261e-04
-2.889999999999994174e+01 0.000000000000000000e+00
-2.879999999999994031e+01 4.056595834383358926e-03
-2.869999999999993889e+01 1.011093568522483145e-02
-2.859999999999993747e+01 1.248921266815159435e-02
-2.849999999999993605e+01 1.496327090896727371e-02
-2.839999999999993463e+01 1.604027577086526365e-02
-2.829999999999993321e+01 1.365843383555329603e-02
-2.819999999999993179e+01 8.632492736705899700e-03
-2.809999999999993037e+01 6.158009832142851900e-03
-2.799999999999992895e+01 9.819994150711863420e-03
-2.789999999999992752e+01 9.993231665430358374e-03
-2.779999999999992610e+01 6.427636684384197344e-03
-2.769999999999992468e+01 8.438032809863216244e-03
-2.759999999999992326e+01 1.587800490087829669e-02
-2.749999999999992184e+01 1.170567619501525734e-02
-2.739999999999992042e+01 5.089292244156240833e-03
-2.729999999999991900e+01 4.658981783904891927e-03
-2.719999999999991758e+01 2.239194067078642460e-03
-2.709999999999991616e+01 2.981722544063814093e-04
-2.699999999999991473e+01 8.789202431216836409e-04
-2.689999999999991331e+01 2.069921547081321391e-03
-2.679999999999991189e+01 5.417254243729985666e-03
-2.669999999999991047e+01 2.409335474076215039e-02
-2.659999999999990905e+01 1.654959436265926453e-01
-2.649999999999990763e+01 5.861557299271226151e-01
-2.639999999999990621e+01 9.479043805971741898e-01
-2.629999999999990479e+01 1.736135096102952913e+00
-2.619999999999990337e+01 2.680404448509216220e+00
-2.609999999999990195e+01 3.811513696610927759e+00
-2.599999999999990052e+01 4.908207723498344777e+00
-2.589999999999989910e+01 5.492795321345329107e+00
-2.579999999999989768e+01 5.321964156627655207e+00
-2.569999999999989626e+01 4.594702050089836121e+00
-2.559999999999989484e+01 3.686767551302909673e+00
-2.549999999999989342e+01 2.241288763284683405e+00
-2.539999999999989200e+01 1.311965866014361382e+00
-2.529999999999989058e+01 7.508289905264973196e-01
-2.519999999999988916e+01 3.113421576097607502e-01
-2.509999999999988773e+01 2.259674579836428165e-01
-2.499999999999988631e+01 8.629394600429804441e-02
-2.489999999999988489e+01 4.686196848560939682e-02
-2.479999999999988347e+01 2.092975013292743686e-02
-2.469999999999988205e+01 2.420459831996595382e-02
-2.459999999999988063e+01 5.783232211251743138e-02
-2.449999999999987921e+01 4.292073581091244983e-02
-2.439999999999987779e+01 6.729432076408556340e-02
-2.429999999999987637e+01 1.260812790686031692e-01
-2.419999999999987494e+01 2.660573107306845597e-01
-2.409999999999987352e+01 6.864814849570393118e-01
-2.399999999999987210e+01 1.184986668825149581e+00
-2.389999999999987068e+01 1.797763697057962462e+00
-2.379999999999986926e+01 2.423127382993698120e+00
-2.369999999999986784e+01 3.167284464836120694e+00
-2.359999999999986642e+01 3.460633286833763034e+00
-2.349999999999986500e+01 3.990723711252212702e+00
-2.339999999999986358e+01 4.156045439839362921e+00
-2.329999999999986215e+01 4.059739014506339672e+00
-2.319999999999986073e+01 3.737589228153228582e+00
-2.309999999999985931e+01 3.179727596044540583e+00
-2.299999999999985789e+01 2.576805651187896729e+00
-2.289999999999985647e+01 1.854230432212352842e+00
-2.279999999999985505e+01 1.061258683353662580e+00
-2.269999999999985363e+01 6.344007074832915816e-01
-2.259999999999985221e+01 3.480903982883319370e-01
-2.249999999999985079e+01 1.627678607175767067e-01
-2.239999999999984936e+01 7.993323590926593170e-02
-2.229999999999984794e+01 1.574246364907594441e-03
-2.219999999999984652e+01 3.450255393727274904e-03
-2.209999999999984510e+01 8.052753263473277218e-03
-2.199999999999984368e+01 8.593487358302809645e-03
-2.189999999999984226e+01 1.595756645219808048e-02
-2.179999999999984084e+01 4.213542350771604106e-02
-2.169999999999983942e+01 5.258603718543782002e-02
-2.159999999999983800e+01 1.046128401329042418e-01
-2.149999999999983658e+01 1.918627969222143348e-01
-2.139999999999983515e+01 4.187580148689448722e-01
-2.129999999999983373e+01 7.266133688390254974e-01
-2.119999999999983231e+01 1.256366460770368620e+00
-2.109999999999983089e+01 1.838888942450285002e+00
-2.099999999999982947e+01 1.963243792951107070e+00
-2.089999999999982805e+01 2.031121952831745237e+00
-2.079999999999982663e+01 1.846177923679351851e+00
-2.069999999999982521e+01 1.729575496912002519e+00
-2.059999999999982379e+01 1.758730055391788394e+00
-2.049999999999982236e+01 1.440400103479623883e+00
-2.039999999999982094e+01 1.103709176182746887e+00
-2.029999999999981952e+01 1.114986100792884738e+00
-2.019999999999981810e+01 9.741136305034160392e-01
-2.009999999999981668e+01 9.176631066948175430e-01
-1.999999999999981526e+01 7.990350939333439317e-01
-1.989999999999981384e+01 7.030498068779706955e-01
-1.979999999999981242e+01 6.652420848608017190e-01
-1.969999999999981100e+01 6.656015656888485399e-01
-1.959999999999980957e+01 7.281819246709346771e-01
-1.949999999999980815e+01 8.212612073868512663e-01
-1.939999999999980673e+01 8.885689988732338174e-01
-1.929999999999980531e+01 1.060703159868717105e+00
-1.919999999999980389e+01 1.200222537666559175e+00
-1.909999999999980247e+01 1.334788542985916093e+00
-1.899999999999980105e+01 1.750414462387561709e+00
-1.889999999999979963e+01 2.312712247669696630e+00
-1.879999999999979821e+01 2.978565838932991205e+00
-1.869999999999979678e+01 3.328980843722820104e+00
-1.859999999999979536e+01 3.533163857460022150e+00
-1.849999999999979394e+01 3.622820243239402771e+00
-1.839999999999979252e+01 3.548921215534210027e+00
-1.829999999999979110e+01 3.202561600506305783e+00
-1.819999999999978968e+01 3.008443903923034846e+00
-1.809999999999978826e+01 2.653220561146736323e+00
-1.799999999999978684e+01 3.075980091094970614e+00
-1.789999999999978542e+01 3.879508799314498990e+00
-1.779999999999978400e+01 4.711051741242409108e+00
-1.769999999999978257e+01 5.246467635035514832e+00
-1.759999999999978115e+01 5.366580581665038707e+00
-1.749999999999977973e+01 4.911685770750045421e+00
-1.739999999999977831e+01 4.304837366938590648e+00
-1.729999999999977689e+01 3.798792302608489990e+00
-1.719999999999977547e+01 3.489837342500686557e+00
-1.709999999999977405e+01 3.278326392173767090e+00
-1.699999999999977263e+01 3.223018197715282529e+00
-1.689999999999977121e+01 3.073205776512622833e+00
-1.679999999999976978e+01 2.699843858182430445e+00
-1.669999999999976836e+01 2.143187716603279114e+00
-1.659999999999976694e+01 1.643311048299074262e+00
-1.649999999999976552e+01 1.133567805588245436e+00
-1.639999999999976410e+01 1.050793036818504333e+00
-1.629999999999976268e+01 9.780826088041066901e-01
-1.619999999999976126e+01 9.473088096827269045e-01
-1.609999999999975984e+01 1.572743816673755735e+00
-1.599999999999975842e+01 2.076410160958766848e+00
-1.589999999999975699e+01 2.082622781395912170e+00
-1.579999999999975557e+01 2.123728697001934229e+00
-1.569999999999975415e+01 2.288372680544853210e+00
-1.559999999999975273e+01 2.101121921837330042e+00
-1.549999999999975131e+01 1.801792359352111905e+00
-1.539999999999974989e+01 1.472678925096988722e+00
-1.529999999999974847e+01 1.247206708788871854e+00
-1.519999999999974705e+01 1.188746853172779172e+00
-1.509999999999974563e+01 1.186022391170263202e+00
-1.499999999999974420e+01 1.474427559971809298e+00
-1.489999999999974278e+01 1.755465221405029252e+00
-1.479999999999974136e+01 2.027330528944730759e+00
-1.469999999999973994e+01 2.456479300558567225e+00
-1.459999999999973852e+01 2.671163220703602015e+00
-1.449999999999973710e+01 2.481438216567039667e+00
-1.439999999999973568e+01 2.218237484991550268e+00
-1.429999999999973426e+01 1.831276789307594299e+00
-1.419999999999973284e+01 1.297252099215984389e+00
-1.409999999999973141e+01 1.048141716793179468e+00
-1.399999999999972999e+01 1.070126302540302277e+00
-1.389999999999972857e+01 1.743727485835552260e+00
-1.379999999999972715e+01 2.612620244920253576e+00
-1.369999999999972573e+01 3.239190900325775058e+00
-1.359999999999972431e+01 3.509119448065757929e+00
-1.349999999999972289e+01 3.650104774534702390e+00
-1.339999999999972147e+01 3.957389089465141119e+00
-1.329999999999972005e+01 4.135281610488891424e+00
-1.319999999999971863e+01 4.521815073490143000e+00
-1.309999999999971720e+01 4.874709078669548390e+00
-1.299999999999971578e+01 5.087126356363296686e+00
-1.289999999999971436e+01 4.729137295484543202e+00
-1.279999999999971294e+01 4.775841259956360219e+00
-1.269999999999971152e+01 4.631213042140006841e+00
-1.259999999999971010e+01 4.601666328310966669e+00
-1.249999999999970868e+01 4.859834843873978016e+00
-1.239999999999970726e+01 5.559533405303954900e+00
-1.229999999999970584e+01 6.312976723909377696e+00
-1.219999999999970441e+01 7.216885477304458618e+00
-1.209999999999970299e+01 7.878257429599761608e+00
-1.199999999999970157e+01 8.377433937788008933e+00
-1.189999999999970015e+01 8.233846479654312489e+00
-1.179999999999969873e+01 8.029435664415359497e+00
-1.169999999999969731e+01 7.858897697925567805e+00
-1.159999999999969589e+01 7.514013832807540538e+00
-1.149999999999969447e+01 6.891150158643722712e+00
-1.139999999999969305e+01 6.210068935155868886e+00
-1.129999999999969162e+01 5.346927890181541798e+00
-1.119999999999969020e+01 4.634314733743667425e+00
-1.109999999999968878e+01 4.095690175890922546e+00
-1.099999999999968736e+01 4.074359387159347534e+00
-1.089999999999968594e+01 4.503254479169845226e+00
-1.079999999999968452e+01 5.664450216293334783e+00
-1.069999999999968310e+01 6.895684856176376165e+00
-1.059999999999968168e+01 8.062547349929809926e+00
-1.049999999999968026e+01 8.771408140659332275e+00
-1.039999999999967883e+01 9.485218125581742044e+00
-1.029999999999967741e+01 9.997395503520966287e+00
-1.019999999999967599e+01 1.045897003412246740e+01
-1.009999999999967457e+01 1.084075737595558131e+01
-9.999999999999673150e+00 1.145891918540000987e+01
-9.899999999999671729e+00 1.167926273941993642e+01
-9.799999999999670308e+00 1.219572107791900706e+01
-9.699999999999668887e+00 1.243788617849349976e+01
-9.599999999999667466e+00 1.234024652242660558e+01
-9.499999999999666045e+00 1.195622959136962926e+01
-9.399999999999664624e+00 1.123155879974365234e+01
-9.299999999999663203e+00 1.048425583243369985e+01
-9.199999999999661782e+00 9.670478129386902211e+00
-9.099999999999660361e+00 9.177461385726928711e+00
-8.999999999999658939e+00 8.949661970138549805e+00
-8.899999999999657518e+00 8.979155069589614513e+00
-8.799999999999656097e+00 8.780707985162734985e+00
-8.699999999999654676e+00 8.228401291370392556e+00
-8.599999999999653255e+00 7.773771953582763850e+00
-8.499999999999651834e+00 7.037564605474472046e+00
-8.399999999999650413e+00 5.967475378513336537e+00
-8.299999999999648992e+00 5.182887294888496754e+00
-8.199999999999647571e+00 4.741310292482376454e+00
-8.099999999999646150e+00 4.736005413532256902e+00
-7.999999999999644729e+00 5.477149912714958546e+00
-7.899999999999643308e+00 5.896767854690551758e+00
-7.799999999999641886e+00 6.015727743506431580e+00
-7.699999999999640465e+00 5.929386103153229115e+00
-7.599999999999639044e+00 5.428468567132950007e+00
-7.499999999999637623e+00 4.903144666552543995e+00
-7.399999999999636202e+00 4.259794291853904902e+00
-7.299999999999634781e+00 3.609655827283859253e+00
-7.199999999999633360e+00 3.028924451768398196e+00
-7.099999999999631939e+00 2.654515287280082791e+00
-6.999999999999630518e+00 2.110951103270053864e+00
-6.899999999999629097e+00 1.650068017095327466e+00
-6.799999999999627676e+00 1.041163088753819466e+00
-6.699999999999626255e+00 6.376023339107632637e-01
-6.599999999999624833e+00 6.143785228952765021e-01
-6.499999999999623412e+00 7.296776579692959563e-01
-6.399999999999621991e+00 9.941751636564731820e-01
-6.299999999999620570e+00 1.710964661836624101e+00
-6.199999999999619149e+00 3.023577770590782254e+00
-6.099999999999617728e+00 4.030399924516677501e+00
-5.999999999999616307e+00 4.986514425277709606e+00
-5.899999999999614886e+00 5.767366734147072016e+00
-5.799999999999613465e+00 6.194466358423232677e+00
-5.699999999999612044e+00 6.578253233432770131e+00
-5.599999999999610623e+00 7.037908911705017090e+00
-5.499999999999609201e+00 7.333426600694656017e+00
-5.399999999999607780e+00 7.038514846563339589e+00
-5.299999999999606359e+00 5.961057811975479126e+00
-5.199999999999604938e+00 4.777937346696853993e+00
-5.099999999999603517e+00 3.271567271649837405e+00
-4.999999999999602096e+00 2.007886238396167755e+00
-4.899999999999600675e+00 1.093409541621804149e+00
-4.799999999999599254e+00 6.874797964468598588e-01
-4.699999999999597833e+00 3.098389952909201273e-01
-4.599999999999596412e+00 1.098019810451660305e-01
-4.499999999999594991e+00 1.015645916168523427e-01
-4.399999999999593570e+00 9.889148687216220424e-02
-4.299999999999592148e+00 8.818844997585983947e-02
-4.199999999999590727e+00 7.598627556144492423e-02
-4.099999999999589306e+00 1.172036313742864932e-01
-3.999999999999587885e+00 1.604710371932014934e-01
-3.899999999999586464e+00 1.524729445809498429e-01
-3.799999999999585043e+00 5.654975989236845496e-02
-3.699999999999583622e+00 8.758898761516319825e-03
-3.599999999999582201e+00 5.069868774262431890e-03
-3.499999999999580780e+00 7.406121317944780631e-03
-3.399999999999579359e+00 1.823130889388267090e-02
-3.299999999999577938e+00 1.838663933222051128e-02
-3.199999999999576517e+00 5.316984325327211644e-03
-3.099999999999575095e+00 4.735553404316306006e-04
-2.999999999999573674e+00 1.636256271740421609e-03
-2.899999999999572253e+00 1.010546065754169874e-03
-2.799999999999570832e+00 3.992395228124223650e-03
-2.699999999999569411e+00 1.555023746550432406e-02
-2.599999999999567990e+00 3.534697246468567616e-02
-2.499999999999566569e+00 4.259660730895120651e-02
-2.399999999999565148e+00 1.630130571684276081e-02
-2.299999999999563727e+00 1.067293350160980481e-02
-2.199999999999562306e+00 1.671348752061021375e-02
-2.099999999999560885e+00 1.354274486948270351e-02
-1.999999999999559464e+00 5.006398883706424108e-02
-1.899999999999558042e+00 2.936662553343921678e-01
-1.799999999999556621e+00 6.252419101074337959e-01
-1.699999999999555200e+00 1.251871452480554536e+00
-1.599999999999553779e+00 2.246117070317268372e+00
-1.499999999999552358e+00 2.912450090050697327e+00
-1.399999999999550937e+00 3.358405311405658900e+00
-1.299999999999549516e+00 3.663637936115264893e+00
-1.199999999999548095e+00 4.121970891952514648e+00
-1.099999999999546674e+00 4.223144841194153010e+00
-9.999999999995452526e-01 4.436517950892448603e+00
-8.999999999995438316e-01 4.920315340161323547e+00
-7.999999999995424105e-01 5.750264725089072826e+00
-6.999999999995409894e-01 6.776010727882384899e+00
-5.999999999995395683e-01 7.491989034414291204e+00
-4.999999999995381472e-01 8.337683153152465110e+00
-3.999999999995367261e-01 9.213617378473282216e+00
-2.999999999995353051e-01 9.624858623743056896e+00
-1.999999999995338840e-01 1.047829346656799387e+01
-9.999999999953246288e-02 1.072696763873100245e+01
4.689582056016661227e-13 1.104401251077652013e+01
1.000000000004703793e-01 1.130705267190933228e+01
2.000000000004718004e-01 1.185984745025634801e+01
3.000000000004732215e-01 1.278323594331741297e+01
4.000000000004746425e-01 1.319125038385391235e+01
5.000000000004760636e-01 1.361486979722976720e+01
6.000000000004774847e-01 1.375363460779190028e+01
7.000000000004789058e-01 1.477961634397506785e+01
8.000000000004803269e-01 1.516712357997894323e+01
9.000000000004817480e-01 1.557313487529754603e+01
1.000000000000483169e+00 1.447685604095459055e+01
