-3.300000000000000000e+01 0.000000000000000000e+00
-3.289999999999999858e+01 0.000000000000000000e+00
-3.279999999999999716e+01 0.000000000000000000e+00
-3.269999999999999574e+01 0.000000000000000000e+00
-3.259999999999999432e+01 0.000000000000000000e+00
-3.249999999999999289e+01 0.000000000000000000e+00
-3.239999999999999147e+01 0.000000000000000000e+00
-3.229999999999999005e+01 0.000000000000000000e+00
-3.219999999999998863e+01 0.000000000000000000e+00
-3.209999999999998721e+01 0.000000000000000000e+00
-3.199999999999998579e+01 0.000000000000000000e+00
-3.189999999999998437e+01 0.000000000000000000e+00
-3.179999999999998295e+01 0.000000000000000000e+00
-3.169999999999998153e+01 0.000000000000000000e+00
-3.159999999999998010e+01 0.000000000000000000e+00
-3.149999999999997868e+01 0.000000000000000000e+00
-3.139999999999997726e+01 0.000000000000000000e+00
-3.129999999999997584e+01 0.000000000000000000e+00
-3.119999999999997442e+01 0.000000000000000000e+00
-3.109999999999997300e+01 0.000000000000000000e+00
-3.099999999999997158e+01 0.000000000000000000e+00
-3.089999999999997016e+01 0.000000000000000000e+00
-3.079999999999996874e+01 0.000000000000000000e+00
-3.069999999999996732e+01 0.000000000000000000e+00
-3.059999999999996589e+01 0.000000000000000000e+00
-3.049999999999996447e+01 0.000000000000000000e+00
-3.039999999999996305e+01 0.000000000000000000e+00
-3.029999999999996163e+01 0.000000000000000000e+00
-3.019999999999996021e+01 0.000000000000000000e+00
-3.009999999999995879e+01 0.000000000000000000e+00
-2.999999999999995737e+01 0.000000000000000000e+00
-2.989999999999995595e+01 0.000000000000000000e+00
-2.979999999999995453e+01 0.000000000000000000e+00
-2.969999999999995310e+01 0.000000000000000000e+00
-2.959999999999995168e+01 0.000000000000000000e+00
-2.949999999999995026e+01 0.000000000000000000e+00
-2.939999999999994884e+01 0.000000000000000000e+00
-2.929999999999994742e+01 0.000000000000000000e+00
-2.919999999999994600e+01 0.000000000000000000e+00
-2.909999999999994458e+01 0.000000000000000000e+00
-2.899999999999994316e+01 0.000000000000000000e+00
-2.889999999999994174e+01 0.000000000000000000e+00
-2.879999999999994031e+01 0.000000000000000000e+00
-2.869999999999993889e+01 0.000000000000000000e+00
-2.859999999999993747e+01 0.000000000000000000e+00
-2.849999999999993605e+01 0.000000000000000000e+00
-2.839999999999993463e+01 0.000000000000000000e+00
-2.829999999999993321e+01 0.000000000000000000e+00
-2.819999999999993179e+01 0.000000000000000000e+00
-2.809999999999993037e+01 0.000000000000000000e+00
-2.799999999999992895e+01 0.000000000000000000e+00
-2.789999999999992752e+01 0.000000000000000000e+00
-2.779999999999992610e+01 0.000000000000000000e+00
-2.769999999999992468e+01 0.000000000000000000e+00
-2.759999999999992326e+01 0.000000000000000000e+00
-2.749999999999992184e+01 0.000000000000000000e+00
-2.739999999999992042e+01 0.000000000000000000e+00
-2.729999999999991900e+01 0.000000000000000000e+00
-2.719999999999991758e+01 0.000000000000000000e+00
-2.709999999999991616e+01 0.000000000000000000e+00
-2.699999999999991473e+01 0.000000000000000000e+00
-2.689999999999991331e+01 0.000000000000000000e+00
-2.679999999999991189e+01 0.000000000000000000e+00
-2.669999999999991047e+01 0.000000000000000000e+00
-2.659999999999990905e+01 3.384045412531122294e-05
-2.649999999999990763e+01 9.799361578188836575e-05
-2.639999999999990621e+01 1.880754352896474370e-05
-2.629999999999990479e+01 0.000000000000000000e+00
-2.619999999999990337e+01 0.000000000000000000e+00
-2.609999999999990195e+01 0.000000000000000000e+00
-2.599999999999990052e+01 0.000000000000000000e+00
-2.589999999999989910e+01 0.000000000000000000e+00
-2.579999999999989768e+01 0.000000000000000000e+00
-2.569999999999989626e+01 0.000000000000000000e+00
-2.559999999999989484e+01 0.000000000000000000e+00
-2.549999999999989342e+01 0.000000000000000000e+00
-2.539999999999989200e+01 0.000000000000000000e+00
-2.529999999999989058e+01 0.000000000000000000e+00
-2.519999999999988916e+01 0.000000000000000000e+00
-2.509999999999988773e+01 0.000000000000000000e+00
-2.499999999999988631e+01 0.000000000000000000e+00
-2.489999999999988489e+01 0.000000000000000000e+00
-2.479999999999988347e+01 0.000000000000000000e+00
-2.469999999999988205e+01 0.000000000000000000e+00
-2.459999999999988063e+01 0.000000000000000000e+00
-2.449999999999987921e+01 0.000000000000000000e+00
-2.439999999999987779e+01 0.000000000000000000e+00
-2.429999999999987637e+01 0.000000000000000000e+00
-2.419999999999987494e+01 0.000000000000000000e+00
-2.409999999999987352e+01 0.000000000000000000e+00
-2.399999999999987210e+01 0.000000000000000000e+00
-2.389999999999987068e+01 0.000000000000000000e+00
-2.379999999999986926e+01 1.536402502097189372e-04
-2.369999999999986784e+01 3.496027202345430851e-04
-2.359999999999986642e+01 1.516222720965742956e-04
-2.349999999999986500e+01 0.000000000000000000e+00
-2.339999999999986358e+01 0.000000000000000000e+00
-2.329999999999986215e+01 0.000000000000000000e+00
-2.319999999999986073e+01 0.000000000000000000e+00
-2.309999999999985931e+01 0.000000000000000000e+00
-2.299999999999985789e+01 5.447488365462049842e-05
-2.289999999999985647e+01 1.690543082077056115e-04
-2.279999999999985505e+01 3.122328998870216174e-05
-2.269999999999985363e+01 0.000000000000000000e+00
-2.259999999999985221e+01 0.000000000000000000e+00
-2.249999999999985079e+01 0.000000000000000000e+00
-2.239999999999984936e+01 5.246886721579358117e-05
-2.229999999999984794e+01 1.621460134629160057e-04
-2.219999999999984652e+01 5.421918584033846421e-04
-2.209999999999984510e+01 8.620890090242028453e-04
-2.199999999999984368e+01 5.237122764810919978e-04
-2.189999999999984226e+01 2.740700962885966700e-03
-2.179999999999984084e+01 5.980585940997116406e-02
-2.169999999999983942e+01 2.031158914760453627e-01
-2.159999999999983800e+01 8.496207458898424880e-01
-2.149999999999983658e+01 1.745463114604353994e+00
-2.139999999999983515e+01 2.740564350038766861e+00
-2.129999999999983373e+01 3.410221568495034994e+00
-2.119999999999983231e+01 3.501625424623489469e+00
-2.109999999999983089e+01 3.010513161867856891e+00
-2.099999999999982947e+01 2.154203139245510101e+00
-2.089999999999982805e+01 1.263963950425386340e+00
-2.079999999999982663e+01 6.369121936149895191e-01
-2.069999999999982521e+01 2.550624356372281909e-01
-2.059999999999982379e+01 6.487633324359194653e-02
-2.049999999999982236e+01 7.973436522879637223e-02
-2.039999999999982094e+01 4.472459534081281440e-02
-2.029999999999981952e+01 2.016692138095095219e-02
-2.019999999999981810e+01 1.959545775243896198e-02
-2.009999999999981668e+01 1.964092075540975132e-02
-1.999999999999981526e+01 1.252786867044051143e-02
-1.989999999999981384e+01 5.380640589464746881e-03
-1.979999999999981242e+01 6.214550799631979663e-03
-1.969999999999981100e+01 3.898184291756479070e-03
-1.959999999999980957e+01 6.580276820159269629e-04
-1.949999999999980815e+01 1.619047237909399027e-04
-1.939999999999980673e+01 1.851848875230643942e-03
-1.929999999999980531e+01 3.522654954576864665e-03
-1.919999999999980389e+01 2.431938052905024787e-03
-1.909999999999980247e+01 2.619271903764456288e-01
-1.899999999999980105e+01 5.168405997566878352e-01
-1.889999999999979963e+01 1.366029519215226085e+00
-1.879999999999979821e+01 2.304776534065604121e+00
-1.869999999999979678e+01 3.628924785554409116e+00
-1.859999999999979536e+01 4.723330092430114924e+00
-1.849999999999979394e+01 5.633775343000889002e+00
-1.839999999999979252e+01 5.799584130942821325e+00
-1.829999999999979110e+01 5.226878826320171534e+00
-1.819999999999978968e+01 4.039168003946542740e+00
-1.809999999999978826e+01 2.751768840104341418e+00
-1.799999999999978684e+01 1.593130064383149191e+00
-1.789999999999978542e+01 7.453241332434117350e-01
-1.779999999999978400e+01 3.655664394143968710e-01
-1.769999999999978257e+01 8.191547712272040371e-03
-1.759999999999978115e+01 4.896791003966427178e-03
-1.749999999999977973e+01 6.351177739452396401e-03
-1.739999999999977831e+01 8.390328727182349774e-03
-1.729999999999977689e+01 8.910403308982494872e-03
-1.719999999999977547e+01 7.893211146802059028e-03
-1.709999999999977405e+01 5.128682490612846215e-03
-1.699999999999977263e+01 2.757299525785583856e-03
-1.689999999999977121e+01 2.654954716490465216e-03
-1.679999999999976978e+01 3.127456582296872425e-03
-1.669999999999976836e+01 2.450705675437348050e-03
-1.659999999999976694e+01 2.729859109604148952e-03
-1.649999999999976552e+01 2.741179665402526753e-03
-1.639999999999976410e+01 3.905423233209148921e-03
-1.629999999999976268e+01 7.241903483827627323e-03
-1.619999999999976126e+01 1.197060672939187498e-02
-1.609999999999975984e+01 6.791018027342943242e-03
-1.599999999999975842e+01 6.343884261877974322e-03
-1.589999999999975699e+01 2.240318726308032637e-02
-1.579999999999975557e+01 3.716383130959002162e-02
-1.569999999999975415e+01 3.739645345631288642e-02
-1.559999999999975273e+01 4.199799402376811625e-02
-1.549999999999975131e+01 3.230880230257753005e-02
-1.539999999999974989e+01 3.041489847237244248e-01
-1.529999999999974847e+01 5.951725956983864307e-01
-1.519999999999974705e+01 1.497263254970312207e+00
-1.509999999999974563e+01 2.703867436945438296e+00
-1.499999999999974420e+01 4.286813849955796840e+00
-1.489999999999974278e+01 5.518301935493946431e+00
-1.479999999999974136e+01 6.405894421041011810e+00
-1.469999999999973994e+01 6.160113599896431147e+00
-1.459999999999973852e+01 5.244887092709541676e+00
-1.449999999999973710e+01 3.694232323765754611e+00
-1.439999999999973568e+01 2.220498417690396131e+00
-1.429999999999973426e+01 1.049732151255011514e+00
-1.419999999999973284e+01 4.098265292588621489e-01
-1.409999999999973141e+01 8.713682801462710459e-02
-1.399999999999972999e+01 1.518276852038979996e-02
-1.389999999999972857e+01 1.366444216546369717e-02
-1.379999999999972715e+01 2.272679573925415891e-02
-1.369999999999972573e+01 2.585836804269092681e-02
-1.359999999999972431e+01 3.412852755327548671e-02
-1.349999999999972289e+01 4.907963571567961619e-02
-1.339999999999972147e+01 5.594108868244802857e-02
-1.329999999999972005e+01 4.396589437499642261e-01
-1.319999999999971863e+01 8.851323964074253592e-01
-1.309999999999971720e+01 1.735939928144216493e+00
-1.299999999999971578e+01 2.783507247269153773e+00
-1.289999999999971436e+01 3.448935551941394895e+00
-1.279999999999971294e+01 3.498027518391609192e+00
-1.269999999999971152e+01 2.980131675302982508e+00
-1.259999999999971010e+01 1.908427467942237943e+00
-1.249999999999970868e+01 1.003561592102050870e+00
-1.239999999999970726e+01 5.231740881688893285e-01
-1.229999999999970584e+01 8.980416143403999185e-02
-1.219999999999970441e+01 8.746227039664518366e-02
-1.209999999999970299e+01 5.115256794779270144e-02
-1.199999999999970157e+01 3.868822362001082815e-02
-1.189999999999970015e+01 3.886235657519136744e-02
-1.179999999999969873e+01 1.375848487601615544e-01
-1.169999999999969731e+01 2.813818391645327432e-01
-1.159999999999969589e+01 5.876398117281496081e-01
-1.149999999999969447e+01 1.179531048238277480e+00
-1.139999999999969305e+01 2.182693538814783007e+00
-1.129999999999969162e+01 3.508251667767763315e+00
-1.119999999999969020e+01 4.833963592350483118e+00
-1.109999999999968878e+01 5.804576043784618555e+00
-1.099999999999968736e+01 6.211120440065860393e+00
-1.089999999999968594e+01 5.824788245558738531e+00
-1.079999999999968452e+01 4.975442656874657033e+00
-1.069999999999968310e+01 3.961706361919641317e+00
-1.059999999999968168e+01 3.380201994627713979e+00
-1.049999999999968026e+01 3.408863369375467300e+00
-1.039999999999967883e+01 3.992480074614286334e+00
-1.029999999999967741e+01 4.875185550749302266e+00
-1.019999999999967599e+01 5.465738676488399506e+00
-1.009999999999967457e+01 5.528883737325668513e+00
-9.999999999999673150e+00 5.017764964699745533e+00
-9.899999999999671729e+00 3.915141409635543912e+00
-9.799999999999670308e+00 2.685069499164819629e+00
-9.699999999999668887e+00 1.599011060222983449e+00
-9.599999999999667466e+00 1.172291009500622705e+00
-9.499999999999666045e+00 1.033281801268458366e+00
-9.399999999999664624e+00 1.606646130234003156e+00
-9.299999999999663203e+00 2.480667822808027445e+00
-9.199999999999661782e+00 3.209429640322923660e+00
-9.099999999999660361e+00 3.562192091345786960e+00
-8.999999999999658939e+00 3.205507893115282059e+00
-8.899999999999657518e+00 2.314708643406629740e+00
-8.799999999999656097e+00 1.641871002316474870e+00
-8.699999999999654676e+00 1.156292889453470751e+00
-8.599999999999653255e+00 1.601678076758980662e+00
-8.499999999999651834e+00 2.522880730032921015e+00
-8.399999999999650413e+00 3.841955953091383158e+00
-8.299999999999648992e+00 5.138020487129688618e+00
-8.199999999999647571e+00 5.790934950113296509e+00
-8.099999999999646150e+00 5.895592166483401897e+00
-7.999999999999644729e+00 5.227907592058182118e+00
-7.899999999999643308e+00 3.996075638383627116e+00
-7.799999999999641886e+00 2.766674568504094989e+00
-7.699999999999640465e+00 1.666947848349809691e+00
-7.599999999999639044e+00 7.858089624904096571e-01
-7.499999999999637623e+00 3.542437351075932161e-01
-7.399999999999636202e+00 8.947159620402089786e-02
-7.299999999999634781e+00 2.678738292033813057e-02
-7.199999999999633360e+00 1.052307644131360645e-02
-7.099999999999631939e+00 1.902676294703269447e-02
-6.999999999999630518e+00 3.893557581723143535e-02
-6.899999999999629097e+00 6.500859112478792889e-01
-6.799999999999627676e+00 1.243116188608109907e+00
-6.699999999999626255e+00 2.405222846567630857e+00
-6.599999999999624833e+00 3.837836303561926066e+00
-6.499999999999623412e+00 5.451056747138499858e+00
-6.399999999999621991e+00 6.402807828783989130e+00
-6.299999999999620570e+00 6.520099313557148335e+00
-6.199999999999619149e+00 5.378998933732509258e+00
-6.099999999999617728e+00 4.007835857570171356e+00
-5.999999999999616307e+00 2.416124082729220302e+00
-5.899999999999614886e+00 1.152987931855022907e+00
-5.799999999999613465e+00 4.130966615164652356e-01
-5.699999999999612044e+00 1.418255865697574392e-01
-5.599999999999610623e+00 2.665096166060720861e-02
-5.499999999999609201e+00 1.129038150838823640e-02
-5.399999999999607780e+00 1.619215767641435464e-03
-5.299999999999606359e+00 3.512555633278679926e-04
-5.199999999999604938e+00 0.000000000000000000e+00
-5.099999999999603517e+00 1.578859373694285615e-05
-4.999999999999602096e+00 0.000000000000000000e+00
-4.899999999999600675e+00 0.000000000000000000e+00
-4.799999999999599254e+00 0.000000000000000000e+00
-4.699999999999597833e+00 0.000000000000000000e+00
-4.599999999999596412e+00 0.000000000000000000e+00
-4.499999999999594991e+00 1.848920735938008875e-03
-4.399999999999593570e+00 3.985209600068628441e-03
-4.299999999999592148e+00 1.890649925189791204e-03
-4.199999999999590727e+00 0.000000000000000000e+00
-4.099999999999589306e+00 0.000000000000000000e+00
-3.999999999999587885e+00 0.000000000000000000e+00
-3.899999999999586464e+00 0.000000000000000000e+00
-3.799999999999585043e+00 0.000000000000000000e+00
-3.699999999999583622e+00 0.000000000000000000e+00
-3.599999999999582201e+00 0.000000000000000000e+00
-3.499999999999580780e+00 0.000000000000000000e+00
-3.399999999999579359e+00 1.124285845435224440e-05
-3.299999999999577938e+00 2.072819552267901599e-05
-3.199999999999576517e+00 5.210563176660798321e-06
-3.099999999999575095e+00 0.000000000000000000e+00
-2.999999999999573674e+00 0.000000000000000000e+00
-2.899999999999572253e+00 0.000000000000000000e+00
-2.799999999999570832e+00 0.000000000000000000e+00
-2.699999999999569411e+00 3.979663105110375736e-03
-2.599999999999567990e+00 9.009475056984683761e-03
-2.499999999999566569e+00 5.198427657114734410e-03
-2.399999999999565148e+00 6.856403842539294038e-03
-2.299999999999563727e+00 1.369596930435363832e-02
-2.199999999999562306e+00 1.321534591570525628e-02
-2.099999999999560885e+00 6.164200050807267135e-03
-1.999999999999559464e+00 5.366050413722404933e-02
-1.899999999999558042e+00 1.234258227108512018e-01
-1.799999999999556621e+00 3.246747564990073442e-01
-1.699999999999555200e+00 9.850829802453517914e-01
-1.599999999999553779e+00 2.331272495537996203e+00
-1.499999999999552358e+00 4.132264213263988850e+00
-1.399999999999550937e+00 5.888340935111045837e+00
-1.299999999999549516e+00 6.879822058975696208e+00
-1.199999999999548095e+00 7.108348166942596080e+00
-1.099999999999546674e+00 6.085598811507225037e+00
-9.999999999995452526e-01 5.258154670894145788e+00
-8.999999999995438316e-01 4.459899097681045532e+00
-7.999999999995424105e-01 4.212371465563774287e+00
-6.999999999995409894e-01 3.979506540298461736e+00
-5.999999999995395683e-01 3.587242229282856076e+00
-4.999999999995381472e-01 2.848862231522798716e+00
-3.999999999995367261e-01 2.527026396989822565e+00
-2.999999999995353051e-01 3.056523750722408117e+00
-1.999999999995338840e-01 4.520556338131427765e+00
-9.999999999953246288e-02 6.712537001073360265e+00
4.689582056016661227e-13 8.963234952092170360e+00
1.000000000004703793e-01 1.068326894938945770e+01
2.000000000004718004e-01 1.176918457746505808e+01
3.000000000004732215e-01 1.208909428417682719e+01
4.000000000004746425e-01 1.233720173835754430e+01
5.000000000004760636e-01 1.236617447733879160e+01
6.000000000004774847e-01 1.342962412834167552e+01
7.000000000004789058e-01 1.481587142050266337e+01
8.000000000004803269e-01 1.650101183652877879e+01
9.000000000004817480e-01 1.869216603040695190e+01
1.000000000000483169e+00 1.918040821552276753e+01
