-3.300000000000000000e+01 1.165385240304749465e-01
-3.289999999999999858e+01 6.697333986967350661e-02
-3.279999999999999716e+01 5.866207078507159473e-02
-3.269999999999999574e+01 3.585590740715815378e-02
-3.259999999999999432e+01 1.059186145028797876e-01
-3.249999999999999289e+01 2.440112530230544585e-01
-3.239999999999999147e+01 1.174843095429241591e-01
-3.229999999999999005e+01 1.387629245498828851e-02
-3.219999999999998863e+01 7.056360675779273922e-03
-3.209999999999998721e+01 2.261644146562048416e-02
-3.199999999999998579e+01 5.344560173040008300e-02
-3.189999999999998437e+01 2.391248321757529979e-02
-3.179999999999998295e+01 3.729374323069691802e-03
-3.169999999999998153e+01 1.156930157594615594e-02
-3.159999999999998010e+01 2.735747713038108597e-02
-3.149999999999997868e+01 1.571676051284669196e-02
-3.139999999999997726e+01 4.158994740036178056e-02
-3.129999999999997584e+01 5.789796498012947379e-02
-3.119999999999997442e+01 7.819475719072216391e-02
-3.109999999999997300e+01 1.362569178243211443e-01
-3.099999999999997158e+01 6.748525615490506835e-02
-3.089999999999997016e+01 2.756458630025918066e-02
-3.079999999999996874e+01 2.062596901701908847e-02
-3.069999999999996732e+01 4.571914030102561949e-02
-3.059999999999996589e+01 7.636150182937399833e-02
-3.049999999999996447e+01 8.083331091373111010e-02
-3.039999999999996305e+01 1.239878944033989683e-01
-3.029999999999996163e+01 1.318855989958683528e-01
-3.019999999999996021e+01 1.281145206495420963e-01
-3.009999999999995879e+01 1.891299602831713889e-01
-2.999999999999995737e+01 1.282227759270608558e-01
-2.989999999999995595e+01 1.273748745794091586e-01
-2.979999999999995453e+01 1.206329947406629827e-01
-2.969999999999995310e+01 3.229237767744962129e-02
-2.959999999999995168e+01 1.433238971403625380e-03
-2.949999999999995026e+01 4.253947984771002701e-03
-2.939999999999994884e+01 1.596651385917994062e-02
-2.929999999999994742e+01 1.819649469278488210e-02
-2.919999999999994600e+01 6.174260871011938781e-03
-2.909999999999994458e+01 1.178047568738577362e-02
-2.899999999999994316e+01 3.109919636400263615e-02
-2.889999999999994174e+01 1.479451662898185332e-02
-2.879999999999994031e+01 1.373060394769133608e-02
-2.869999999999993889e+01 2.324470836873572879e-02
-2.859999999999993747e+01 1.680773224893414297e-02
-2.849999999999993605e+01 2.692402638947775928e-02
-2.839999999999993463e+01 6.752397383497736605e-02
-2.829999999999993321e+01 9.835965443606255187e-02
-2.819999999999993179e+01 2.934274037733848872e-01
-2.809999999999993037e+01 7.668574299803003758e-01
-2.799999999999992895e+01 1.645884545035660285e+00
-2.789999999999992752e+01 2.290532069150358563e+00
-2.779999999999992610e+01 2.951163004525005906e+00
-2.769999999999992468e+01 3.304359478540718431e+00
-2.759999999999992326e+01 3.752730133235454346e+00
-2.749999999999992184e+01 3.754776898603886526e+00
-2.739999999999992042e+01 4.221510537527501938e+00
-2.729999999999991900e+01 4.404317668601870572e+00
-2.719999999999991758e+01 3.901869845064356745e+00
-2.709999999999991616e+01 2.674377747960388518e+00
-2.699999999999991473e+01 1.643061645952984762e+00
-2.689999999999991331e+01 9.459980539628304319e-01
-2.679999999999991189e+01 1.347439254638739037e+00
-2.669999999999991047e+01 1.415013552708551225e+00
-2.659999999999990905e+01 1.396011005612090239e+00
-2.649999999999990763e+01 1.915513197965919900e+00
-2.639999999999990621e+01 2.458775411075912576e+00
-2.629999999999990479e+01 2.720864748852327430e+00
-2.619999999999990337e+01 2.378304166682064569e+00
-2.609999999999990195e+01 3.376316631324589146e+00
-2.599999999999990052e+01 6.518138331100344907e+00
-2.589999999999989910e+01 9.001003121733665679e+00
-2.579999999999989768e+01 1.240436211332678873e+01
-2.569999999999989626e+01 1.529999709010124143e+01
-2.559999999999989484e+01 1.534275031179189597e+01
-2.549999999999989342e+01 1.276068864911794698e+01
-2.539999999999989200e+01 1.030539826706051798e+01
-2.529999999999989058e+01 8.911277556642890119e+00
-2.519999999999988916e+01 6.087001178115606592e+00
-2.509999999999988773e+01 4.149948250874876621e+00
-2.499999999999988631e+01 3.136809694841504292e+00
-2.489999999999988489e+01 1.723360088970512072e+00
-2.479999999999988347e+01 1.001538652724120793e+00
-2.469999999999988205e+01 1.080698202720377532e+00
-2.459999999999988063e+01 9.267895251193113415e-01
-2.449999999999987921e+01 9.507810427516233398e-01
-2.439999999999987779e+01 1.140724820045288634e+00
-2.429999999999987637e+01 1.244406139941420353e+00
-2.419999999999987494e+01 1.110826278583262994e+00
-2.409999999999987352e+01 1.465145527748391130e+00
-2.399999999999987210e+01 2.322013177629560055e+00
-2.389999999999987068e+01 3.244288102239370364e+00
-2.379999999999986926e+01 3.690178570821881276e+00
-2.369999999999986784e+01 3.392637316212057996e+00
-2.359999999999986642e+01 3.411421091370284486e+00
-2.349999999999986500e+01 4.321659311763942135e+00
-2.339999999999986358e+01 4.576138026490807142e+00
-2.329999999999986215e+01 5.299056646078825317e+00
-2.319999999999986073e+01 6.622270816713571762e+00
-2.309999999999985931e+01 8.020538841113447504e+00
-2.299999999999985789e+01 8.533771804124116400e+00
-2.289999999999985647e+01 9.451346130669117329e+00
-2.279999999999985505e+01 9.600256179273127799e+00
-2.269999999999985363e+01 9.537336481213570138e+00
-2.259999999999985221e+01 9.428094051182270618e+00
-2.249999999999985079e+01 9.206016507595776943e+00
-2.239999999999984936e+01 7.503085730001330056e+00
-2.229999999999984794e+01 5.468548349663615582e+00
-2.219999999999984652e+01 3.035013743229210359e+00
-2.209999999999984510e+01 2.092392532732337607e+00
-2.199999999999984368e+01 1.828104562330991056e+00
-2.189999999999984226e+01 1.755655992119573128e+00
-2.179999999999984084e+01 1.540827675452455914e+00
-2.169999999999983942e+01 1.641367657771334088e+00
-2.159999999999983800e+01 2.160928735546767676e+00
-2.149999999999983658e+01 2.632706573288887686e+00
-2.139999999999983515e+01 2.241352792065590460e+00
-2.129999999999983373e+01 2.094904860034584981e+00
-2.119999999999983231e+01 2.233554978296160787e+00
-2.109999999999983089e+01 2.621132510676980054e+00
-2.099999999999982947e+01 3.076676125600934064e+00
-2.089999999999982805e+01 4.624029641374945321e+00
-2.079999999999982663e+01 6.296485112011432683e+00
-2.069999999999982521e+01 7.147924246862531028e+00
-2.059999999999982379e+01 8.714086649268866225e+00
-2.049999999999982236e+01 9.866666586250067539e+00
-2.039999999999982094e+01 9.230348565280436901e+00
-2.029999999999981952e+01 9.397034653872252008e+00
-2.019999999999981810e+01 9.238649779260159178e+00
-2.009999999999981668e+01 9.206642252355813127e+00
-1.999999999999981526e+01 8.935852450728416940e+00
-1.989999999999981384e+01 9.534022811353207061e+00
-1.979999999999981242e+01 9.964127435386181730e+00
-1.969999999999981100e+01 1.081282297864556341e+01
-1.959999999999980957e+01 1.248707400903105658e+01
-1.949999999999980815e+01 1.346153661221265807e+01
-1.939999999999980673e+01 1.455244741201400771e+01
-1.929999999999980531e+01 1.568830843776464512e+01
-1.919999999999980389e+01 1.734829749494791074e+01
-1.909999999999980247e+01 1.733405347138643293e+01
-1.899999999999980105e+01 1.585503681004047394e+01
-1.889999999999979963e+01 1.465737513452768326e+01
-1.879999999999979821e+01 1.413851822465658259e+01
-1.869999999999979678e+01 1.259049454823136394e+01
-1.859999999999979536e+01 1.407132309079170263e+01
-1.849999999999979394e+01 1.584002373784780460e+01
-1.839999999999979252e+01 1.504669099003076482e+01
-1.829999999999979110e+01 1.313909442216157863e+01
-1.819999999999978968e+01 1.247887057110667186e+01
-1.809999999999978826e+01 1.149713105648756084e+01
-1.799999999999978684e+01 1.026356948241591382e+01
-1.789999999999978542e+01 1.034046180889010458e+01
-1.779999999999978400e+01 1.004554269865155192e+01
-1.769999999999978257e+01 1.129867529511451707e+01
-1.759999999999978115e+01 1.223558905214071224e+01
-1.749999999999977973e+01 1.515764703035354621e+01
-1.739999999999977831e+01 1.813777439355850163e+01
-1.729999999999977689e+01 1.975383180886506906e+01
-1.719999999999977547e+01 1.983684839636087460e+01
-1.709999999999977405e+01 1.873773076176643215e+01
-1.699999999999977263e+01 1.810157329171896023e+01
-1.689999999999977121e+01 1.908362187862396198e+01
-1.679999999999976978e+01 1.865924312889575987e+01
-1.669999999999976836e+01 1.634845522999763645e+01
-1.659999999999976694e+01 1.502485458612441960e+01
-1.649999999999976552e+01 1.315328344210982259e+01
-1.639999999999976410e+01 1.077874371007084875e+01
-1.629999999999976268e+01 9.164266944527625469e+00
-1.619999999999976126e+01 7.825717781186103394e+00
-1.609999999999975984e+01 7.810134212225675832e+00
-1.599999999999975842e+01 8.047220615521073483e+00
-1.589999999999975699e+01 8.283314699381589818e+00
-1.579999999999975557e+01 9.324100931882858490e+00
-1.569999999999975415e+01 1.025580777794122689e+01
-1.559999999999975273e+01 1.115350878521800126e+01
-1.549999999999975131e+01 1.219355603381991315e+01
-1.539999999999974989e+01 1.220527885988354733e+01
-1.529999999999974847e+01 1.290571539252996480e+01
-1.519999999999974705e+01 1.356361200362443853e+01
-1.509999999999974563e+01 1.585611910372972488e+01
-1.499999999999974420e+01 1.859651740670204134e+01
-1.489999999999974278e+01 2.214496269077062607e+01
-1.479999999999974136e+01 2.433839684039354267e+01
-1.469999999999973994e+01 2.262356855154037305e+01
-1.459999999999973852e+01 1.858223769158124838e+01
-1.449999999999973710e+01 1.625923355311155305e+01
-1.439999999999973568e+01 1.562593449920415800e+01
-1.429999999999973426e+01 1.554015848129987631e+01
-1.419999999999973284e+01 1.406465377897024105e+01
-1.409999999999973141e+01 1.382349362283945027e+01
-1.399999999999972999e+01 1.530284778386354461e+01
-1.389999999999972857e+01 1.675242030173540186e+01
-1.379999999999972715e+01 1.792371905028819867e+01
-1.369999999999972573e+01 1.935640590488910817e+01
-1.359999999999972431e+01 2.051669762581586909e+01
-1.349999999999972289e+01 2.061997305274009662e+01
-1.339999999999972147e+01 2.061941392570734166e+01
-1.329999999999972005e+01 2.051526314526796213e+01
-1.319999999999971863e+01 2.047643351465463724e+01
-1.309999999999971720e+01 1.954613029628992038e+01
-1.299999999999971578e+01 1.837580671787262077e+01
-1.289999999999971436e+01 1.695351152002811546e+01
-1.279999999999971294e+01 1.707532444149255824e+01
-1.269999999999971152e+01 1.744195333182811680e+01
-1.259999999999971010e+01 2.000340704739093667e+01
-1.249999999999970868e+01 2.165337513417005511e+01
-1.239999999999970726e+01 2.419662604451179533e+01
-1.229999999999970584e+01 2.666736884951591335e+01
-1.219999999999970441e+01 2.944802120745181995e+01
-1.209999999999970299e+01 3.068505502283572994e+01
-1.199999999999970157e+01 3.031853007912635789e+01
-1.189999999999970015e+01 2.898674381256103416e+01
-1.179999999999969873e+01 2.602683243691921078e+01
-1.169999999999969731e+01 2.539314589560031976e+01
-1.159999999999969589e+01 2.799581526100635642e+01
-1.149999999999969447e+01 3.003624579310417175e+01
-1.139999999999969305e+01 3.157809522688388881e+01
-1.129999999999969162e+01 3.224843620538711519e+01
-1.119999999999969020e+01 3.432549382865428811e+01
-1.109999999999968878e+01 3.834089031696319694e+01
-1.099999999999968736e+01 4.060348527550697639e+01
-1.089999999999968594e+01 4.137823724925517865e+01
-1.079999999999968452e+01 4.021093599200249002e+01
-1.069999999999968310e+01 3.846584007561207130e+01
-1.059999999999968168e+01 3.635824494481087044e+01
-1.049999999999968026e+01 3.470493554890155963e+01
-1.039999999999967883e+01 3.364841351151466142e+01
-1.029999999999967741e+01 3.435407591283321693e+01
-1.019999999999967599e+01 3.421613684594630911e+01
-1.009999999999967457e+01 3.392006620943546125e+01
-9.999999999999673150e+00 3.493623515725136031e+01
-9.899999999999671729e+00 3.475524444520473821e+01
-9.799999999999670308e+00 3.338099121034145611e+01
-9.699999999999668887e+00 3.329609131574630965e+01
-9.599999999999667466e+00 3.542735966444015361e+01
-9.499999999999666045e+00 3.721999959707260075e+01
-9.399999999999664624e+00 3.947196946799755324e+01
-9.299999999999663203e+00 3.996983663737773895e+01
-9.199999999999661782e+00 4.059949481010436756e+01
-9.099999999999660361e+00 3.888599143445491535e+01
-8.999999999999658939e+00 3.809427283465862502e+01
-8.899999999999657518e+00 3.755019947767257804e+01
-8.799999999999656097e+00 3.746703264594078320e+01
-8.699999999999654676e+00 3.561815681874752215e+01
-8.599999999999653255e+00 3.671127960324287187e+01
-8.499999999999651834e+00 3.504690360009670513e+01
-8.399999999999650413e+00 3.390833002805710095e+01
-8.299999999999648992e+00 3.242621379733085973e+01
-8.199999999999647571e+00 3.120246083438396312e+01
-8.099999999999646150e+00 2.940786902189254803e+01
-7.999999999999644729e+00 3.011223369717598075e+01
-7.899999999999643308e+00 2.885923929095268292e+01
-7.799999999999641886e+00 2.856831974923610673e+01
-7.699999999999640465e+00 3.031325073421001548e+01
-7.599999999999639044e+00 3.212206890165806072e+01
-7.499999999999637623e+00 3.330536410748958787e+01
-7.399999999999636202e+00 3.277126461684704140e+01
-7.299999999999634781e+00 2.930641007661819586e+01
-7.199999999999633360e+00 2.478721032977104244e+01
-7.099999999999631939e+00 2.143317170292139195e+01
-6.999999999999630518e+00 1.898695314139127888e+01
-6.899999999999629097e+00 1.833576385527849339e+01
-6.799999999999627676e+00 1.894825677067041525e+01
-6.699999999999626255e+00 1.973441188603639773e+01
-6.599999999999624833e+00 2.069644493728876000e+01
-6.499999999999623412e+00 2.136474880874157023e+01
-6.399999999999621991e+00 2.066264567822218012e+01
-6.299999999999620570e+00 1.839815992236137276e+01
-6.199999999999619149e+00 1.679343260377645564e+01
-6.099999999999617728e+00 1.567154178708791790e+01
-5.999999999999616307e+00 1.627446488022804161e+01
-5.899999999999614886e+00 1.867285704553127346e+01
-5.799999999999613465e+00 1.936601707607507805e+01
-5.699999999999612044e+00 1.879391655862331234e+01
-5.599999999999610623e+00 1.632849464297294517e+01
-5.499999999999609201e+00 1.489290984392166095e+01
-5.399999999999607780e+00 1.352293179437518056e+01
-5.299999999999606359e+00 1.119620073497295465e+01
-5.199999999999604938e+00 1.082338124081492481e+01
-5.099999999999603517e+00 9.573075236231089136e+00
-4.999999999999602096e+00 7.449206889644265139e+00
-4.899999999999600675e+00 6.313902293592691173e+00
-4.799999999999599254e+00 4.472905981428921152e+00
-4.699999999999597833e+00 2.611434907205402833e+00
-4.599999999999596412e+00 2.338067852109670497e+00
-4.499999999999594991e+00 1.531802688068710339e+00
-4.399999999999593570e+00 9.796956916704221419e-01
-4.299999999999592148e+00 1.214001483824104000e+00
-4.199999999999590727e+00 1.295077629354782323e+00
-4.099999999999589306e+00 7.853988611232489703e-01
-3.999999999999587885e+00 4.195292895054444915e-01
-3.899999999999586464e+00 2.377288725195103314e-01
-3.799999999999585043e+00 1.099601451827766085e-01
-3.699999999999583622e+00 9.413863764348207042e-02
-3.599999999999582201e+00 1.365579257882200137e-01
-3.499999999999580780e+00 1.879494975751731523e-01
-3.399999999999579359e+00 2.196152730117319207e-01
-3.299999999999577938e+00 1.517695685307262343e-01
-3.199999999999576517e+00 1.063730980786101593e-01
-3.099999999999575095e+00 1.353348330772132513e-01
-2.999999999999573674e+00 1.151984056906439902e-01
-2.899999999999572253e+00 1.060732770577988010e-01
-2.799999999999570832e+00 1.436415060043327585e-01
-2.699999999999569411e+00 2.224411857844097451e-01
-2.599999999999567990e+00 2.735865913867019383e-01
-2.499999999999566569e+00 2.257942222359270168e-01
-2.399999999999565148e+00 3.673961323188996153e-01
-2.299999999999563727e+00 8.360928901121951196e-01
-2.199999999999562306e+00 1.032342177443206221e+00
-2.099999999999560885e+00 1.561532579185441083e+00
-1.999999999999559464e+00 2.257235943768173492e+00
-1.899999999999558042e+00 5.357394139319658244e+00
-1.799999999999556621e+00 8.326687030941247514e+00
-1.699999999999555200e+00 1.331557819813489907e+01
-1.599999999999553779e+00 1.754092736989259649e+01
-1.499999999999552358e+00 1.955003626763820535e+01
-1.399999999999550937e+00 2.142412287235260138e+01
-1.299999999999549516e+00 2.348440479069948239e+01
-1.199999999999548095e+00 2.239343760043382758e+01
-1.099999999999546674e+00 2.120216781765222436e+01
-9.999999999995452526e-01 1.894731150031089939e+01
-8.999999999995438316e-01 1.715418068349361391e+01
-7.999999999995424105e-01 1.652822405904531422e+01
-6.999999999995409894e-01 1.781188592135906390e+01
-5.999999999995395683e-01 1.992940693467855340e+01
-4.999999999995381472e-01 2.385347323149442644e+01
-3.999999999995367261e-01 2.663932080686092263e+01
-2.999999999995353051e-01 2.725553732573986210e+01
-1.999999999995338840e-01 2.660762491822242737e+01
-9.999999999953246288e-02 2.381331617057323413e+01
4.689582056016661227e-13 2.168941516578197337e+01
1.000000000004703793e-01 1.947045539289712934e+01
2.000000000004718004e-01 1.716426647543907080e+01
3.000000000004732215e-01 1.672367994546890202e+01
4.000000000004746425e-01 1.641532979965209904e+01
5.000000000004760636e-01 1.776320443063974253e+01
6.000000000004774847e-01 2.080405976623296738e+01
7.000000000004789058e-01 2.304216430336236954e+01
8.000000000004803269e-01 2.455278240084648189e+01
9.000000000004817480e-01 2.515111157119274310e+01
1.000000000000483169e+00 2.316455197989940729e+01
