9.588980674743652344e-01
9.554846882820129395e-01
9.061484932899475098e-01
8.970239162445068359e-01
9.314637184143066406e-01
8.889510631561279297e-01
9.054571986198425293e-01
9.351348876953125000e-01
8.867849111557006836e-01
9.045840501785278320e-01
9.508194923400878906e-01
9.612877964973449707e-01
9.644033908843994141e-01
9.582905769348144531e-01
9.128230214118957520e-01
8.922836780548095703e-01
9.306175708770751953e-01
9.208970069885253906e-01
9.092794656753540039e-01
9.017790555953979492e-01
8.955925107002258301e-01
9.073653817176818848e-01
9.519033432006835938e-01
9.591723084449768066e-01
9.487448930740356445e-01
9.577532410621643066e-01
9.331085085868835449e-01
9.111518263816833496e-01
8.762390613555908203e-01
9.135627746582031250e-01
8.753415346145629883e-01
9.007093310356140137e-01
9.197164177894592285e-01
9.155317544937133789e-01
9.569000005722045898e-01
9.684248566627502441e-01
9.496392011642456055e-01
9.613685607910156250e-01
8.713704347610473633e-01
9.217905998229980469e-01
8.994485139846801758e-01
9.302151203155517578e-01
8.627455234527587891e-01
9.225438833236694336e-01
9.278701543807983398e-01
9.355578422546386719e-01
9.682784080505371094e-01
9.737021923065185547e-01
