-3.300000000000000000e+01 0.000000000000000000e+00
-3.289999999999999858e+01 0.000000000000000000e+00
-3.279999999999999716e+01 0.000000000000000000e+00
-3.269999999999999574e+01 0.000000000000000000e+00
-3.259999999999999432e+01 0.000000000000000000e+00
-3.249999999999999289e+01 0.000000000000000000e+00
-3.239999999999999147e+01 0.000000000000000000e+00
-3.229999999999999005e+01 0.000000000000000000e+00
-3.219999999999998863e+01 0.000000000000000000e+00
-3.209999999999998721e+01 0.000000000000000000e+00
-3.199999999999998579e+01 0.000000000000000000e+00
-3.189999999999998437e+01 0.000000000000000000e+00
-3.179999999999998295e+01 0.000000000000000000e+00
-3.169999999999998153e+01 0.000000000000000000e+00
-3.159999999999998010e+01 0.000000000000000000e+00
-3.149999999999997868e+01 0.000000000000000000e+00
-3.139999999999997726e+01 0.000000000000000000e+00
-3.129999999999997584e+01 0.000000000000000000e+00
-3.119999999999997442e+01 0.000000000000000000e+00
-3.109999999999997300e+01 0.000000000000000000e+00
-3.099999999999997158e+01 0.000000000000000000e+00
-3.089999999999997016e+01 0.000000000000000000e+00
-3.079999999999996874e+01 0.000000000000000000e+00
-3.069999999999996732e+01 0.000000000000000000e+00
-3.059999999999996589e+01 0.000000000000000000e+00
-3.049999999999996447e+01 0.000000000000000000e+00
-3.039999999999996305e+01 0.000000000000000000e+00
-3.029999999999996163e+01 0.000000000000000000e+00
-3.019999999999996021e+01 0.000000000000000000e+00
-3.009999999999995879e+01 0.000000000000000000e+00
-2.999999999999995737e+01 0.000000000000000000e+00
-2.989999999999995595e+01 0.000000000000000000e+00
-2.979999999999995453e+01 0.000000000000000000e+00
-2.969999999999995310e+01 2.844720147550106116e-05
-2.959999999999995168e+01 7.942036609165370464e-05
-2.949999999999995026e+01 1.556242204969748855e-05
-2.939999999999994884e+01 0.000000000000000000e+00
-2.929999999999994742e+01 0.000000000000000000e+00
-2.919999999999994600e+01 0.000000000000000000e+00
-2.909999999999994458e+01 0.000000000000000000e+00
-2.899999999999994316e+01 0.000000000000000000e+00
-2.889999999999994174e+01 0.000000000000000000e+00
-2.879999999999994031e+01 0.000000000000000000e+00
-2.869999999999993889e+01 0.000000000000000000e+00
-2.859999999999993747e+01 0.000000000000000000e+00
-2.849999999999993605e+01 0.000000000000000000e+00
-2.839999999999993463e+01 0.000000000000000000e+00
-2.829999999999993321e+01 0.000000000000000000e+00
-2.819999999999993179e+01 0.000000000000000000e+00
-2.809999999999993037e+01 0.000000000000000000e+00
-2.799999999999992895e+01 0.000000000000000000e+00
-2.789999999999992752e+01 0.000000000000000000e+00
-2.779999999999992610e+01 0.000000000000000000e+00
-2.769999999999992468e+01 0.000000000000000000e+00
-2.759999999999992326e+01 2.995850445586256683e-05
-2.749999999999992184e+01 8.874104241840541363e-05
-2.739999999999992042e+01 2.935317388619296253e-05
-2.729999999999991900e+01 0.000000000000000000e+00
-2.719999999999991758e+01 0.000000000000000000e+00
-2.709999999999991616e+01 0.000000000000000000e+00
-2.699999999999991473e+01 0.000000000000000000e+00
-2.689999999999991331e+01 0.000000000000000000e+00
-2.679999999999991189e+01 0.000000000000000000e+00
-2.669999999999991047e+01 0.000000000000000000e+00
-2.659999999999990905e+01 3.672843449749052525e-04
-2.649999999999990763e+01 7.576361065730452104e-04
-2.639999999999990621e+01 3.815710544586181532e-04
-2.629999999999990479e+01 0.000000000000000000e+00
-2.619999999999990337e+01 0.000000000000000000e+00
-2.609999999999990195e+01 0.000000000000000000e+00
-2.599999999999990052e+01 0.000000000000000000e+00
-2.589999999999989910e+01 0.000000000000000000e+00
-2.579999999999989768e+01 0.000000000000000000e+00
-2.569999999999989626e+01 0.000000000000000000e+00
-2.559999999999989484e+01 0.000000000000000000e+00
-2.549999999999989342e+01 0.000000000000000000e+00
-2.539999999999989200e+01 0.000000000000000000e+00
-2.529999999999989058e+01 0.000000000000000000e+00
-2.519999999999988916e+01 0.000000000000000000e+00
-2.509999999999988773e+01 0.000000000000000000e+00
-2.499999999999988631e+01 0.000000000000000000e+00
-2.489999999999988489e+01 0.000000000000000000e+00
-2.479999999999988347e+01 0.000000000000000000e+00
-2.469999999999988205e+01 0.000000000000000000e+00
-2.459999999999988063e+01 0.000000000000000000e+00
-2.449999999999987921e+01 0.000000000000000000e+00
-2.439999999999987779e+01 0.000000000000000000e+00
-2.429999999999987637e+01 0.000000000000000000e+00
-2.419999999999987494e+01 0.000000000000000000e+00
-2.409999999999987352e+01 0.000000000000000000e+00
-2.399999999999987210e+01 0.000000000000000000e+00
-2.389999999999987068e+01 0.000000000000000000e+00
-2.379999999999986926e+01 0.000000000000000000e+00
-2.369999999999986784e+01 0.000000000000000000e+00
-2.359999999999986642e+01 0.000000000000000000e+00
-2.349999999999986500e+01 0.000000000000000000e+00
-2.339999999999986358e+01 0.000000000000000000e+00
-2.329999999999986215e+01 0.000000000000000000e+00
-2.319999999999986073e+01 0.000000000000000000e+00
-2.309999999999985931e+01 4.892051074421033128e-05
-2.299999999999985789e+01 5.770501533334026828e-04
-2.289999999999985647e+01 1.136293123636278324e-03
-2.279999999999985505e+01 4.439116093635675389e-04
-2.269999999999985363e+01 0.000000000000000000e+00
-2.259999999999985221e+01 0.000000000000000000e+00
-2.249999999999985079e+01 0.000000000000000000e+00
-2.239999999999984936e+01 0.000000000000000000e+00
-2.229999999999984794e+01 0.000000000000000000e+00
-2.219999999999984652e+01 5.495051125762983723e-04
-2.209999999999984510e+01 1.503407079144380943e-03
-2.199999999999984368e+01 8.926433860324322960e-04
-2.189999999999984226e+01 4.633629473391920502e-03
-2.179999999999984084e+01 6.847855619816982375e-02
-2.169999999999983942e+01 2.178673818474635426e-01
-2.159999999999983800e+01 8.621538737788796425e-01
-2.149999999999983658e+01 1.751381247863173396e+00
-2.139999999999983515e+01 2.743100805580616086e+00
-2.129999999999983373e+01 3.406894681602716357e+00
-2.119999999999983231e+01 3.498931353539228351e+00
-2.109999999999983089e+01 3.008084937930107117e+00
-2.099999999999982947e+01 2.161790366470813574e+00
-2.089999999999982805e+01 1.281799763068556697e+00
-2.079999999999982663e+01 6.628619117662311044e-01
-2.069999999999982521e+01 2.661174385808408038e-01
-2.059999999999982379e+01 6.459410402749199420e-02
-2.049999999999982236e+01 7.688770491731702905e-02
-2.039999999999982094e+01 4.621087508130585636e-02
-2.029999999999981952e+01 2.609152319073473197e-02
-2.019999999999981810e+01 2.081817962630339025e-02
-2.009999999999981668e+01 1.906895285173959564e-02
-1.999999999999981526e+01 1.781527202329016152e-02
-1.989999999999981384e+01 1.097217469214228913e-02
-1.979999999999981242e+01 8.445919874066020600e-03
-1.969999999999981100e+01 6.579627464816439897e-03
-1.959999999999980957e+01 1.638435723350539774e-03
-1.949999999999980815e+01 1.827942395721038392e-04
-1.939999999999980673e+01 4.763197280772147116e-03
-1.929999999999980531e+01 9.683009337459224861e-03
-1.919999999999980389e+01 5.912245327635901049e-03
-1.909999999999980247e+01 2.683051623869687208e-01
-1.899999999999980105e+01 5.317051297053694281e-01
-1.889999999999979963e+01 1.376354715228080838e+00
-1.879999999999979821e+01 2.318013919517397881e+00
-1.869999999999979678e+01 3.642360922694206415e+00
-1.859999999999979536e+01 4.719495458900928142e+00
-1.849999999999979394e+01 5.615597471594810486e+00
-1.839999999999979252e+01 5.782933540642261505e+00
-1.829999999999979110e+01 5.224382472038269221e+00
-1.819999999999978968e+01 4.040415573120117010e+00
-1.809999999999978826e+01 2.748642707616090863e+00
-1.799999999999978684e+01 1.588855981081724211e+00
-1.789999999999978542e+01 7.394352609291672263e-01
-1.779999999999978400e+01 3.672982145100832096e-01
-1.769999999999978257e+01 1.580525408353423630e-02
-1.759999999999978115e+01 8.144826226089207227e-03
-1.749999999999977973e+01 9.169390195165761509e-03
-1.739999999999977831e+01 1.191702769247058279e-02
-1.729999999999977689e+01 1.432311048756673699e-02
-1.719999999999977547e+01 1.437010065365029732e-02
-1.709999999999977405e+01 1.284492948298066040e-02
-1.699999999999977263e+01 9.467098642244309997e-03
-1.689999999999977121e+01 6.523379476857371455e-03
-1.679999999999976978e+01 3.607711665972601709e-03
-1.669999999999976836e+01 4.102522474568104155e-04
-1.659999999999976694e+01 7.645128644071519917e-05
-1.649999999999976552e+01 1.866505250109184956e-03
-1.639999999999976410e+01 5.007327579733100720e-03
-1.629999999999976268e+01 6.494754721188655822e-03
-1.619999999999976126e+01 8.906257772468961081e-03
-1.609999999999975984e+01 4.561520256720541858e-03
-1.599999999999975842e+01 8.927178585327055077e-03
-1.589999999999975699e+01 2.676933796137746097e-02
-1.579999999999975557e+01 3.474580512647662545e-02
-1.569999999999975415e+01 3.323604997749498441e-02
-1.559999999999975273e+01 4.180998368560721878e-02
-1.549999999999975131e+01 3.243383045472682941e-02
-1.539999999999974989e+01 3.143634806619957089e-01
-1.529999999999974847e+01 6.158891057129949331e-01
-1.519999999999974705e+01 1.517893359996378422e+00
-1.509999999999974563e+01 2.719617842137813657e+00
-1.499999999999974420e+01 4.309354687482118251e+00
-1.489999999999974278e+01 5.536416707932948711e+00
-1.479999999999974136e+01 6.398784966766834614e+00
-1.469999999999973994e+01 6.136378334462643025e+00
-1.459999999999973852e+01 5.235219597816467285e+00
-1.449999999999973710e+01 3.700769124180078418e+00
-1.439999999999973568e+01 2.246058289334178060e+00
-1.429999999999973426e+01 1.073728871718049094e+00
-1.419999999999973284e+01 4.251447209157049878e-01
-1.409999999999973141e+01 9.817099773790687045e-02
-1.399999999999972999e+01 2.301697345301363315e-02
-1.389999999999972857e+01 1.838810333556466572e-02
-1.379999999999972715e+01 3.059022827737862757e-02
-1.369999999999972573e+01 3.257287007145350660e-02
-1.359999999999972431e+01 3.962878938711895949e-02
-1.349999999999972289e+01 6.405770117563633348e-02
-1.339999999999972147e+01 7.773841947036999600e-02
-1.329999999999972005e+01 4.600057940930127875e-01
-1.319999999999971863e+01 9.056277631781994852e-01
-1.309999999999971720e+01 1.748634692654013723e+00
-1.299999999999971578e+01 2.788947851210832773e+00
-1.289999999999971436e+01 3.458390155434608371e+00
-1.279999999999971294e+01 3.494252829998731436e+00
-1.269999999999971152e+01 2.959258796274661929e+00
-1.259999999999971010e+01 1.914405441284179776e+00
-1.249999999999970868e+01 1.020484852977097123e+00
-1.239999999999970726e+01 5.346269826404750347e-01
-1.229999999999970584e+01 9.842775813522167128e-02
-1.219999999999970441e+01 8.788256565603660975e-02
-1.209999999999970299e+01 5.185767376187868510e-02
-1.199999999999970157e+01 4.356883839327565372e-02
-1.189999999999970015e+01 4.083447161101503436e-02
-1.179999999999969873e+01 1.401649009378161392e-01
-1.169999999999969731e+01 2.912173507735132949e-01
-1.159999999999969589e+01 6.007184506393968837e-01
-1.149999999999969447e+01 1.203839664906263263e+00
-1.139999999999969305e+01 2.209471097588539212e+00
-1.129999999999969162e+01 3.526119319349527270e+00
-1.119999999999969020e+01 4.840158601105213343e+00
-1.109999999999968878e+01 5.802038262784480871e+00
-1.099999999999968736e+01 6.193225823342800140e+00
-1.089999999999968594e+01 5.814210967719555256e+00
-1.079999999999968452e+01 4.961802582442760290e+00
-1.069999999999968310e+01 3.932001847028732122e+00
-1.059999999999968168e+01 3.338866838067770182e+00
-1.049999999999968026e+01 3.361873816698789597e+00
-1.039999999999967883e+01 3.951694822311401456e+00
-1.029999999999967741e+01 4.818010926246643066e+00
-1.019999999999967599e+01 5.390379635989665630e+00
-1.009999999999967457e+01 5.445515634119511006e+00
-9.999999999999673150e+00 4.945640578866004944e+00
-9.899999999999671729e+00 3.908404757827520282e+00
-9.799999999999670308e+00 2.745344703644513995e+00
-9.699999999999668887e+00 1.658869115263223559e+00
-9.599999999999667466e+00 1.209275060333311558e+00
-9.499999999999666045e+00 1.075534602161496878e+00
-9.399999999999664624e+00 1.657894727960228964e+00
-9.299999999999663203e+00 2.534481239318847834e+00
-9.199999999999661782e+00 3.265115942806005478e+00
-9.099999999999660361e+00 3.608819972723722458e+00
-8.999999999999658939e+00 3.233965355157851995e+00
-8.899999999999657518e+00 2.326115977764129816e+00
-8.799999999999656097e+00 1.649945211410522417e+00
-8.699999999999654676e+00 1.153583737090229988e+00
-8.599999999999653255e+00 1.571683495491743132e+00
-8.499999999999651834e+00 2.470520230382680982e+00
-8.399999999999650413e+00 3.805996484309434713e+00
-8.299999999999648992e+00 5.128711822628974737e+00
-8.199999999999647571e+00 5.806792648136616108e+00
-8.099999999999646150e+00 5.919144156575202764e+00
-7.999999999999644729e+00 5.242407135665416718e+00
-7.899999999999643308e+00 3.981356529146432788e+00
-7.799999999999641886e+00 2.727920474857091993e+00
-7.699999999999640465e+00 1.643965160474181175e+00
-7.599999999999639044e+00 7.791051166132092476e-01
-7.499999999999637623e+00 3.420970505336299317e-01
-7.399999999999636202e+00 8.725322471655090617e-02
-7.299999999999634781e+00 3.335700221391561804e-02
-7.199999999999633360e+00 1.478039418689149932e-02
-7.099999999999631939e+00 2.326586543749726774e-02
-6.999999999999630518e+00 4.532173802749639435e-02
-6.899999999999629097e+00 6.367322841659188715e-01
-6.799999999999627676e+00 1.207748282141983598e+00
-6.699999999999626255e+00 2.371047035604715525e+00
-6.599999999999624833e+00 3.820374499261379064e+00
-6.499999999999623412e+00 5.446686436235904871e+00
-6.399999999999621991e+00 6.401850937306880596e+00
-6.299999999999620570e+00 6.535319401323794963e+00
-6.199999999999619149e+00 5.386803057789802729e+00
-6.099999999999617728e+00 4.011349971592426122e+00
-5.999999999999616307e+00 2.442857452109456151e+00
-5.899999999999614886e+00 1.202694761753082320e+00
-5.799999999999613465e+00 4.512412800919264333e-01
-5.699999999999612044e+00 1.629223913914756849e-01
-5.599999999999610623e+00 2.720697976583323976e-02
-5.499999999999609201e+00 1.183920208850395249e-02
-5.399999999999607780e+00 1.823734273784793913e-03
-5.299999999999606359e+00 1.686040709500957746e-04
-5.199999999999604938e+00 0.000000000000000000e+00
-5.099999999999603517e+00 0.000000000000000000e+00
-4.999999999999602096e+00 0.000000000000000000e+00
-4.899999999999600675e+00 0.000000000000000000e+00
-4.799999999999599254e+00 0.000000000000000000e+00
-4.699999999999597833e+00 0.000000000000000000e+00
-4.599999999999596412e+00 2.504155563656240837e-05
-4.499999999999594991e+00 1.648061335436068389e-03
-4.399999999999593570e+00 3.112709330889629027e-03
-4.299999999999592148e+00 1.623957837000489192e-03
-4.199999999999590727e+00 0.000000000000000000e+00
-4.099999999999589306e+00 0.000000000000000000e+00
-3.999999999999587885e+00 0.000000000000000000e+00
-3.899999999999586464e+00 0.000000000000000000e+00
-3.799999999999585043e+00 0.000000000000000000e+00
-3.699999999999583622e+00 0.000000000000000000e+00
-3.599999999999582201e+00 0.000000000000000000e+00
-3.499999999999580780e+00 0.000000000000000000e+00
-3.399999999999579359e+00 3.138828993542120077e-04
-3.299999999999577938e+00 9.099574817810207605e-04
-3.199999999999576517e+00 3.185249937814660154e-04
-3.099999999999575095e+00 0.000000000000000000e+00
-2.999999999999573674e+00 1.479000675317365710e-05
-2.899999999999572253e+00 0.000000000000000000e+00
-2.799999999999570832e+00 0.000000000000000000e+00
-2.699999999999569411e+00 3.215802364502451469e-03
-2.599999999999567990e+00 7.741516259375203109e-03
-2.499999999999566569e+00 5.245831206411821941e-03
-2.399999999999565148e+00 3.846143492319242883e-03
-2.299999999999563727e+00 4.201236922085627157e-03
-2.199999999999562306e+00 6.040705571012949977e-03
-2.099999999999560885e+00 6.145927531633788021e-03
-1.999999999999559464e+00 5.631734096095897257e-02
-1.899999999999558042e+00 1.278796538477763589e-01
-1.799999999999556621e+00 3.617117740446701424e-01
-1.699999999999555200e+00 1.036536149494349912e+00
-1.599999999999553779e+00 2.366184857860207380e+00
-1.499999999999552358e+00 4.139936269819736836e+00
-1.399999999999550937e+00 5.886490023136138561e+00
-1.299999999999549516e+00 6.868610572814941584e+00
-1.199999999999548095e+00 7.096102045476436970e+00
-1.099999999999546674e+00 6.070704504847526550e+00
-9.999999999995452526e-01 5.227028609812260029e+00
-8.999999999995438316e-01 4.418594585359096882e+00
-7.999999999995424105e-01 4.189300154149532496e+00
-6.999999999995409894e-01 3.972640903294086367e+00
-5.999999999995395683e-01 3.587831378728151499e+00
-4.999999999995381472e-01 2.863016364723443896e+00
-3.999999999995367261e-01 2.546483590453862966e+00
-2.999999999995353051e-01 3.069328460097312750e+00
-1.999999999995338840e-01 4.520949728786945343e+00
-9.999999999953246288e-02 6.690675553679466425e+00
4.689582056016661227e-13 8.926579973101615550e+00
1.000000000004703793e-01 1.065785716474056244e+01
2.000000000004718004e-01 1.173675173521041870e+01
3.000000000004732215e-01 1.206135962605476308e+01
4.000000000004746425e-01 1.233153223693370748e+01
5.000000000004760636e-01 1.237175987362861562e+01
6.000000000004774847e-01 1.343488675653934550e+01
7.000000000004789058e-01 1.480718972682952916e+01
8.000000000004803269e-01 1.647679641544818807e+01
9.000000000004817480e-01 1.863439264297485209e+01
1.000000000000483169e+00 1.911538022160529948e+01
